1,1,755,211,22,31,1,-1,-1,-1
1,7,117,207,53,58,1,-1,-1,-1
2,1,754,211,22,31,1,-1,-1,-1
2,7,117,207,53,58,1,-1,-1,-1
3,1,754,212,22,31,1,-1,-1,-1
3,7,117,207,53,58,1,-1,-1,-1
4,1,754,213,22,31,1,-1,-1,-1
4,7,117,207,53,58,1,-1,-1,-1
5,1,754,214,22,31,1,-1,-1,-1
5,7,117,207,53,58,1,-1,-1,-1
6,1,753,215,22,31,1,-1,-1,-1
6,7,117,207,53,58,1,-1,-1,-1
7,1,753,216,22,31,1,-1,-1,-1
7,7,117,207,53,58,1,-1,-1,-1
8,1,753,217,22,31,1,-1,-1,-1
8,7,117,207,53,58,1,-1,-1,-1
9,1,753,218,22,31,1,-1,-1,-1
9,7,117,207,53,58,1,-1,-1,-1
10,1,753,219,22,31,1,-1,-1,-1
10,7,117,207,53,58,1,-1,-1,-1
11,1,752,220,22,31,1,-1,-1,-1
11,7,117,207,53,58,1,-1,-1,-1
12,1,752,221,22,31,1,-1,-1,-1
12,7,117,207,53,58,1,-1,-1,-1
13,1,752,222,22,31,1,-1,-1,-1
13,7,118,207,53,58,1,-1,-1,-1
14,1,752,223,22,31,1,-1,-1,-1
14,7,118,207,53,58,1,-1,-1,-1
15,1,752,224,22,31,1,-1,-1,-1
15,7,118,207,53,58,1,-1,-1,-1
16,1,751,225,22,31,1,-1,-1,-1
16,7,118,207,53,58,1,-1,-1,-1
17,1,751,226,22,31,1,-1,-1,-1
17,7,118,207,53,58,1,-1,-1,-1
18,1,751,227,22,31,1,-1,-1,-1
18,7,118,207,53,58,1,-1,-1,-1
19,1,751,228,22,31,1,-1,-1,-1
19,7,118,207,53,58,1,-1,-1,-1
20,1,751,229,22,31,1,-1,-1,-1
20,7,118,207,53,58,1,-1,-1,-1
21,1,751,230,22,31,1,-1,-1,-1
21,7,118,207,53,58,1,-1,-1,-1
22,1,751,231,22,31,1,-1,-1,-1
22,7,118,207,53,58,1,-1,-1,-1
23,1,751,233,22,31,1,-1,-1,-1
23,7,118,207,53,58,1,-1,-1,-1
24,1,751,234,22,31,1,-1,-1,-1
24,7,119,207,53,58,1,-1,-1,-1
25,1,752,236,22,31,1,-1,-1,-1
25,7,119,207,53,58,1,-1,-1,-1
26,1,752,237,22,32,1,-1,-1,-1
26,7,119,207,53,58,1,-1,-1,-1
27,1,753,238,21,33,1,-1,-1,-1
27,7,119,207,53,58,1,-1,-1,-1
28,1,753,240,22,33,1,-1,-1,-1
28,7,119,207,53,58,1,-1,-1,-1
29,1,754,241,21,34,1,-1,-1,-1
29,7,119,207,53,58,1,-1,-1,-1
30,1,754,243,22,35,1,-1,-1,-1
30,7,119,207,53,58,1,-1,-1,-1
31,1,755,244,21,36,1,-1,-1,-1
31,7,119,207,53,58,1,-1,-1,-1
32,1,755,246,22,36,1,-1,-1,-1
32,7,119,207,53,58,1,-1,-1,-1
33,1,756,247,21,37,1,-1,-1,-1
33,7,119,207,53,58,1,-1,-1,-1
34,1,756,248,21,38,1,-1,-1,-1
34,7,119,207,53,58,1,-1,-1,-1
35,1,757,250,21,39,1,-1,-1,-1
35,7,119,207,53,58,1,-1,-1,-1
36,1,757,251,21,40,1,-1,-1,-1
36,7,120,207,53,58,1,-1,-1,-1
37,1,758,253,21,40,1,-1,-1,-1
37,7,120,207,53,58,1,-1,-1,-1
38,1,758,254,21,41,1,-1,-1,-1
38,7,120,207,53,58,1,-1,-1,-1
39,1,759,256,21,42,1,-1,-1,-1
39,7,120,207,53,58,1,-1,-1,-1
40,1,760,257,22,43,1,-1,-1,-1
40,7,120,207,53,58,1,-1,-1,-1
41,1,761,259,23,43,1,-1,-1,-1
41,7,120,207,53,58,1,-1,-1,-1
42,1,762,260,24,44,1,-1,-1,-1
42,7,120,207,53,58,1,-1,-1,-1
43,1,763,262,25,44,1,-1,-1,-1
43,7,120,207,53,58,1,-1,-1,-1
44,1,764,263,26,45,1,-1,-1,-1
44,7,120,207,53,58,1,-1,-1,-1
45,1,765,265,27,45,1,-1,-1,-1
45,7,120,207,53,58,1,-1,-1,-1
46,1,766,266,28,46,1,-1,-1,-1
46,7,120,207,53,58,1,-1,-1,-1
47,1,767,268,29,46,1,-1,-1,-1
47,7,121,207,53,58,1,-1,-1,-1
48,1,768,269,30,47,1,-1,-1,-1
48,7,121,207,53,58,1,-1,-1,-1
49,1,769,271,31,47,1,-1,-1,-1
49,7,121,207,53,58,1,-1,-1,-1
50,1,770,272,32,48,1,-1,-1,-1
50,7,121,207,53,58,1,-1,-1,-1
51,1,771,274,33,48,1,-1,-1,-1
51,7,121,207,53,58,1,-1,-1,-1
52,1,774,276,33,48,1,-1,-1,-1
52,7,121,207,53,58,1,-1,-1,-1
53,1,777,279,34,48,1,-1,-1,-1
53,7,121,207,53,58,1,-1,-1,-1
54,1,781,281,33,49,1,-1,-1,-1
54,7,121,207,53,58,1,-1,-1,-1
55,1,784,284,34,49,1,-1,-1,-1
55,7,121,207,53,58,1,-1,-1,-1
56,1,788,286,33,49,1,-1,-1,-1
56,7,121,207,53,58,1,-1,-1,-1
57,1,791,289,34,49,1,-1,-1,-1
57,7,121,207,53,58,1,-1,-1,-1
58,1,795,291,33,50,1,-1,-1,-1
58,7,121,207,53,58,1,-1,-1,-1
59,1,798,294,34,50,1,-1,-1,-1
59,7,122,207,53,58,1,-1,-1,-1
60,1,802,296,33,51,1,-1,-1,-1
60,7,122,207,53,58,1,-1,-1,-1
61,1,805,299,34,50,1,-1,-1,-1
61,7,122,207,53,58,1,-1,-1,-1
62,1,808,301,34,51,1,-1,-1,-1
62,7,122,207,53,58,1,-1,-1,-1
63,1,812,304,34,51,1,-1,-1,-1
63,7,122,207,53,58,1,-1,-1,-1
64,1,815,306,34,52,1,-1,-1,-1
64,7,122,207,53,58,1,-1,-1,-1
65,1,819,309,34,51,1,-1,-1,-1
65,7,122,207,53,58,1,-1,-1,-1
66,1,822,311,34,52,1,-1,-1,-1
66,7,122,207,53,58,1,-1,-1,-1
67,1,826,314,34,52,1,-1,-1,-1
67,7,122,207,53,58,1,-1,-1,-1
68,1,829,316,34,53,1,-1,-1,-1
68,7,122,207,53,58,1,-1,-1,-1
69,1,833,319,34,53,1,-1,-1,-1
69,7,122,207,53,58,1,-1,-1,-1
70,1,838,322,34,53,1,-1,-1,-1
70,7,123,207,53,58,1,-1,-1,-1
71,1,844,325,34,53,1,-1,-1,-1
71,7,123,207,53,58,1,-1,-1,-1
72,1,849,329,34,53,1,-1,-1,-1
72,7,123,207,53,58,1,-1,-1,-1
73,1,855,332,34,53,1,-1,-1,-1
73,7,123,207,53,58,1,-1,-1,-1
74,1,860,335,34,53,1,-1,-1,-1
74,7,123,207,53,58,1,-1,-1,-1
75,1,866,339,34,53,1,-1,-1,-1
75,7,123,207,53,58,1,-1,-1,-1
76,1,872,342,36,54,1,-1,-1,-1
76,7,123,207,53,58,1,-1,-1,-1
77,1,879,346,37,55,1,-1,-1,-1
77,7,123,207,53,58,1,-1,-1,-1
78,1,885,350,39,56,1,-1,-1,-1
78,7,123,207,53,58,1,-1,-1,-1
79,1,892,353,41,57,1,-1,-1,-1
79,7,123,207,53,58,1,-1,-1,-1
80,1,898,357,43,58,1,-1,-1,-1
80,7,123,207,53,58,1,-1,-1,-1
81,1,905,361,44,59,1,-1,-1,-1
81,7,124,208,53,58,1,-1,-1,-1
82,1,912,364,45,60,1,-1,-1,-1
82,7,124,208,53,58,1,-1,-1,-1
83,1,918,368,48,61,1,-1,-1,-1
83,7,124,208,53,58,1,-1,-1,-1
84,1,925,372,49,62,1,-1,-1,-1
84,7,124,208,53,58,1,-1,-1,-1
85,1,931,375,51,63,1,-1,-1,-1
85,7,124,208,53,58,1,-1,-1,-1
86,1,938,379,52,64,1,-1,-1,-1
86,7,124,208,53,58,1,-1,-1,-1
87,1,945,383,54,65,1,-1,-1,-1
87,7,124,208,53,58,1,-1,-1,-1
88,1,955,387,55,66,1,-1,-1,-1
88,7,124,208,53,58,1,-1,-1,-1
89,1,965,392,56,66,1,-1,-1,-1
89,7,124,208,53,58,1,-1,-1,-1
90,1,975,396,58,68,1,-1,-1,-1
90,7,124,208,53,58,1,-1,-1,-1
91,1,985,401,59,68,1,-1,-1,-1
91,7,124,208,53,58,1,-1,-1,-1
92,1,996,406,60,69,1,-1,-1,-1
92,7,124,208,53,58,1,-1,-1,-1
93,1,1006,411,61,69,1,-1,-1,-1
93,7,124,208,53,58,1,-1,-1,-1
94,1,1017,416,62,70,1,-1,-1,-1
94,7,124,208,53,58,1,-1,-1,-1
95,1,1028,421,63,71,1,-1,-1,-1
95,7,124,208,53,58,1,-1,-1,-1
96,1,1039,426,64,72,1,-1,-1,-1
96,7,124,208,53,58,1,-1,-1,-1
97,1,1051,431,65,73,1,-1,-1,-1
97,7,124,208,53,58,1,-1,-1,-1
98,1,1063,436,66,74,1,-1,-1,-1
98,7,124,208,53,58,1,-1,-1,-1
99,1,1075,441,67,75,1,-1,-1,-1
99,7,124,208,53,58,1,-1,-1,-1
100,1,1088,447,67,76,1,-1,-1,-1
100,7,124,208,53,58,1,-1,-1,-1
101,1,1098,453,71,78,1,-1,-1,-1
101,7,124,208,53,58,1,-1,-1,-1
102,1,1108,459,75,80,1,-1,-1,-1
102,7,124,208,53,58,1,-1,-1,-1
103,1,1118,465,79,82,1,-1,-1,-1
103,7,124,208,53,58,1,-1,-1,-1
104,1,1129,471,83,85,1,-1,-1,-1
104,7,124,208,53,58,1,-1,-1,-1
105,1,1145,474,80,85,1,-1,-1,-1
105,7,124,208,53,58,1,-1,-1,-1
106,1,1161,478,77,84,1,-1,-1,-1
106,7,124,208,53,58,1,-1,-1,-1
107,1,1177,482,74,83,1,-1,-1,-1
107,7,124,208,53,58,1,-1,-1,-1
108,1,1193,486,71,82,1,-1,-1,-1
108,7,124,208,53,58,1,-1,-1,-1
109,7,124,208,53,58,1,-1,-1,-1
110,7,124,208,53,58,1,-1,-1,-1
111,7,124,208,53,58,1,-1,-1,-1
112,7,124,208,53,58,1,-1,-1,-1
113,7,124,208,53,58,1,-1,-1,-1
114,7,124,208,53,58,1,-1,-1,-1
115,7,124,208,53,58,1,-1,-1,-1
116,7,124,208,53,58,1,-1,-1,-1
117,7,124,208,53,58,1,-1,-1,-1
118,7,124,208,53,58,1,-1,-1,-1
119,7,124,208,53,58,1,-1,-1,-1
120,7,124,208,53,58,1,-1,-1,-1
121,7,124,208,53,58,1,-1,-1,-1
122,7,124,208,53,58,1,-1,-1,-1
123,7,124,208,53,58,1,-1,-1,-1
124,7,124,208,53,58,1,-1,-1,-1
125,7,124,208,53,58,1,-1,-1,-1
126,7,124,208,53,58,1,-1,-1,-1
127,7,124,208,53,58,1,-1,-1,-1
128,7,124,208,53,58,1,-1,-1,-1
129,7,124,208,53,58,1,-1,-1,-1
130,7,124,208,53,58,1,-1,-1,-1
131,7,124,208,53,58,1,-1,-1,-1
132,7,124,208,53,58,1,-1,-1,-1
133,7,125,209,53,58,1,-1,-1,-1
134,7,125,209,53,58,1,-1,-1,-1
135,7,125,209,53,58,1,-1,-1,-1
136,7,125,209,53,58,1,-1,-1,-1
137,7,125,209,53,58,1,-1,-1,-1
138,7,125,209,53,58,1,-1,-1,-1
139,7,125,209,53,58,1,-1,-1,-1
140,7,125,209,53,58,1,-1,-1,-1
141,7,125,209,53,58,1,-1,-1,-1
142,7,125,209,53,58,1,-1,-1,-1
143,7,125,209,53,58,1,-1,-1,-1
144,7,125,209,53,58,1,-1,-1,-1
145,7,125,209,53,58,1,-1,-1,-1
146,7,125,209,53,58,1,-1,-1,-1
147,7,125,209,53,58,1,-1,-1,-1
148,7,125,209,53,58,1,-1,-1,-1
149,7,125,209,53,58,1,-1,-1,-1
150,7,125,209,53,58,1,-1,-1,-1
151,7,125,209,53,58,1,-1,-1,-1
152,7,125,209,53,58,1,-1,-1,-1
153,7,125,209,53,58,1,-1,-1,-1
154,7,125,209,53,58,1,-1,-1,-1
155,7,125,209,53,58,1,-1,-1,-1
156,7,125,209,53,58,1,-1,-1,-1
157,7,125,209,53,58,1,-1,-1,-1
158,7,125,209,53,58,1,-1,-1,-1
159,7,125,209,53,58,1,-1,-1,-1
160,7,125,209,53,58,1,-1,-1,-1
161,7,125,209,53,58,1,-1,-1,-1
162,7,125,209,53,58,1,-1,-1,-1
163,7,125,209,53,58,1,-1,-1,-1
164,7,125,209,53,58,1,-1,-1,-1
165,7,125,209,53,58,1,-1,-1,-1
166,7,125,209,53,58,1,-1,-1,-1
167,7,125,209,53,58,1,-1,-1,-1
168,7,125,209,53,58,1,-1,-1,-1
169,7,125,209,53,58,1,-1,-1,-1
170,7,125,209,53,58,1,-1,-1,-1
171,7,125,209,53,58,1,-1,-1,-1
172,7,125,209,53,58,1,-1,-1,-1
173,7,125,209,53,58,1,-1,-1,-1
174,7,125,209,53,58,1,-1,-1,-1
175,7,125,209,53,58,1,-1,-1,-1
176,7,125,209,53,58,1,-1,-1,-1
177,7,125,209,53,58,1,-1,-1,-1
178,7,125,209,53,58,1,-1,-1,-1
179,7,125,209,53,58,1,-1,-1,-1
180,7,125,209,53,58,1,-1,-1,-1
181,7,125,209,53,58,1,-1,-1,-1
182,7,125,209,53,58,1,-1,-1,-1
182,8,74,207,34,49,1,-1,-1,-1
183,7,125,209,53,58,1,-1,-1,-1
183,8,74,207,34,49,1,-1,-1,-1
184,7,125,209,53,58,1,-1,-1,-1
184,8,74,207,34,49,1,-1,-1,-1
185,7,126,210,53,58,1,-1,-1,-1
185,8,74,207,34,49,1,-1,-1,-1
186,7,125,210,54,58,1,-1,-1,-1
186,8,74,207,34,49,1,-1,-1,-1
187,7,125,210,54,58,1,-1,-1,-1
187,8,74,207,34,49,1,-1,-1,-1
188,7,125,210,54,58,1,-1,-1,-1
188,8,74,207,34,49,1,-1,-1,-1
189,7,125,210,54,58,1,-1,-1,-1
189,8,74,207,34,49,1,-1,-1,-1
190,7,125,210,54,58,1,-1,-1,-1
190,8,74,207,34,49,1,-1,-1,-1
191,7,125,210,54,58,1,-1,-1,-1
191,8,74,207,34,49,1,-1,-1,-1
192,7,125,210,54,58,1,-1,-1,-1
192,8,75,207,34,49,1,-1,-1,-1
193,7,125,210,54,58,1,-1,-1,-1
193,8,75,207,34,49,1,-1,-1,-1
194,7,125,210,54,58,1,-1,-1,-1
194,8,75,208,34,49,1,-1,-1,-1
195,7,125,210,54,58,1,-1,-1,-1
195,8,75,208,34,49,1,-1,-1,-1
196,7,125,210,54,58,1,-1,-1,-1
196,8,75,208,34,49,1,-1,-1,-1
197,7,125,210,55,58,1,-1,-1,-1
197,8,75,208,34,49,1,-1,-1,-1
198,7,125,210,55,58,1,-1,-1,-1
198,8,75,208,34,49,1,-1,-1,-1
199,7,125,210,55,58,1,-1,-1,-1
199,8,75,208,34,49,1,-1,-1,-1
200,7,125,210,55,58,1,-1,-1,-1
200,8,75,208,34,49,1,-1,-1,-1
201,7,125,210,55,58,1,-1,-1,-1
201,8,75,208,34,49,1,-1,-1,-1
202,7,125,210,55,58,1,-1,-1,-1
202,8,76,208,34,49,1,-1,-1,-1
203,7,125,210,55,58,1,-1,-1,-1
203,8,76,208,34,49,1,-1,-1,-1
204,7,125,210,55,58,1,-1,-1,-1
204,8,76,208,34,49,1,-1,-1,-1
205,7,125,210,55,58,1,-1,-1,-1
205,8,76,208,34,49,1,-1,-1,-1
206,7,125,210,55,58,1,-1,-1,-1
206,8,76,209,34,49,1,-1,-1,-1
207,7,125,210,55,58,1,-1,-1,-1
207,8,76,209,34,49,1,-1,-1,-1
208,7,125,210,56,58,1,-1,-1,-1
208,8,76,209,34,49,1,-1,-1,-1
209,7,125,210,56,58,1,-1,-1,-1
209,8,76,209,34,49,1,-1,-1,-1
210,7,125,210,56,58,1,-1,-1,-1
210,8,76,209,34,49,1,-1,-1,-1
211,7,125,210,56,58,1,-1,-1,-1
211,8,77,209,34,49,1,-1,-1,-1
212,7,125,210,56,58,1,-1,-1,-1
212,8,77,209,34,49,1,-1,-1,-1
213,7,125,210,56,58,1,-1,-1,-1
213,8,77,209,34,49,1,-1,-1,-1
214,7,125,210,56,58,1,-1,-1,-1
214,8,77,209,34,49,1,-1,-1,-1
215,7,125,210,56,58,1,-1,-1,-1
215,8,77,209,34,49,1,-1,-1,-1
216,7,125,210,56,58,1,-1,-1,-1
216,8,77,209,34,49,1,-1,-1,-1
217,7,125,210,56,58,1,-1,-1,-1
217,8,77,209,34,49,1,-1,-1,-1
218,7,125,210,56,58,1,-1,-1,-1
218,8,77,210,34,49,1,-1,-1,-1
219,7,125,210,57,58,1,-1,-1,-1
219,8,77,210,34,49,1,-1,-1,-1
220,7,125,210,57,58,1,-1,-1,-1
220,8,77,210,34,49,1,-1,-1,-1
221,7,125,210,57,58,1,-1,-1,-1
221,8,78,210,34,49,1,-1,-1,-1
222,7,125,210,57,58,1,-1,-1,-1
222,8,78,210,34,49,1,-1,-1,-1
223,7,125,210,57,58,1,-1,-1,-1
223,8,78,210,34,49,1,-1,-1,-1
224,7,125,210,57,58,1,-1,-1,-1
224,8,78,210,34,49,1,-1,-1,-1
225,7,125,210,57,58,1,-1,-1,-1
225,8,78,210,34,49,1,-1,-1,-1
226,7,125,210,57,58,1,-1,-1,-1
226,8,78,210,34,49,1,-1,-1,-1
227,7,125,210,57,58,1,-1,-1,-1
227,8,78,210,34,49,1,-1,-1,-1
228,7,125,210,57,58,1,-1,-1,-1
228,8,78,210,34,49,1,-1,-1,-1
229,7,125,210,57,58,1,-1,-1,-1
229,8,78,210,34,49,1,-1,-1,-1
230,7,125,210,58,58,1,-1,-1,-1
230,8,79,211,34,49,1,-1,-1,-1
231,5,861,161,52,44,1,-1,-1,-1
231,7,125,210,58,58,1,-1,-1,-1
231,8,79,210,34,50,1,-1,-1,-1
232,5,858,162,52,43,1,-1,-1,-1
232,7,125,210,58,58,1,-1,-1,-1
232,8,79,210,34,50,1,-1,-1,-1
233,5,856,163,52,43,1,-1,-1,-1
233,7,125,210,58,58,1,-1,-1,-1
233,8,79,210,34,50,1,-1,-1,-1
234,5,854,164,52,42,1,-1,-1,-1
234,7,125,210,58,58,1,-1,-1,-1
234,8,79,210,34,50,1,-1,-1,-1
235,5,852,165,51,42,1,-1,-1,-1
235,7,125,210,58,58,1,-1,-1,-1
235,8,79,210,34,50,1,-1,-1,-1
236,5,850,166,51,42,1,-1,-1,-1
236,7,125,210,58,58,1,-1,-1,-1
236,8,79,210,35,50,1,-1,-1,-1
237,5,848,167,51,41,1,-1,-1,-1
237,7,125,210,58,58,1,-1,-1,-1
237,8,79,210,35,51,1,-1,-1,-1
238,5,846,169,50,40,1,-1,-1,-1
238,7,125,210,58,58,1,-1,-1,-1
238,8,79,210,35,51,1,-1,-1,-1
239,5,844,170,50,39,1,-1,-1,-1
239,7,125,210,58,58,1,-1,-1,-1
239,8,79,210,35,51,1,-1,-1,-1
240,5,842,171,50,39,1,-1,-1,-1
240,7,125,210,58,58,1,-1,-1,-1
240,8,79,210,35,51,1,-1,-1,-1
241,5,840,172,49,39,1,-1,-1,-1
241,7,125,211,59,57,1,-1,-1,-1
241,8,79,210,36,51,1,-1,-1,-1
242,5,838,173,49,38,1,-1,-1,-1
242,7,125,211,59,57,1,-1,-1,-1
242,8,79,210,36,51,1,-1,-1,-1
243,5,836,174,49,38,1,-1,-1,-1
243,7,125,211,59,57,1,-1,-1,-1
243,8,79,210,36,51,1,-1,-1,-1
244,5,834,176,49,37,1,-1,-1,-1
244,7,125,211,59,57,1,-1,-1,-1
244,8,79,210,36,52,1,-1,-1,-1
245,5,831,176,49,37,1,-1,-1,-1
245,7,125,211,60,57,1,-1,-1,-1
245,8,79,210,36,52,1,-1,-1,-1
246,5,828,177,49,37,1,-1,-1,-1
246,7,125,211,60,57,1,-1,-1,-1
246,8,79,210,36,52,1,-1,-1,-1
247,5,826,178,49,37,1,-1,-1,-1
247,7,126,211,59,57,1,-1,-1,-1
247,8,79,210,37,52,1,-1,-1,-1
248,5,823,179,49,37,1,-1,-1,-1
248,7,126,211,60,57,1,-1,-1,-1
248,8,79,210,37,52,1,-1,-1,-1
249,5,821,180,49,37,1,-1,-1,-1
249,7,126,211,60,57,1,-1,-1,-1
249,8,79,210,37,52,1,-1,-1,-1
250,5,818,181,49,37,1,-1,-1,-1
250,7,126,211,60,57,1,-1,-1,-1
250,8,79,210,37,52,1,-1,-1,-1
251,5,816,182,49,37,1,-1,-1,-1
251,7,126,211,60,57,1,-1,-1,-1
251,8,79,210,37,53,1,-1,-1,-1
252,5,813,183,49,37,1,-1,-1,-1
252,7,126,211,61,57,1,-1,-1,-1
252,8,79,210,38,53,1,-1,-1,-1
253,5,811,184,49,37,1,-1,-1,-1
253,7,127,211,60,57,1,-1,-1,-1
253,8,79,210,38,53,1,-1,-1,-1
254,5,808,185,49,37,1,-1,-1,-1
254,7,127,211,60,57,1,-1,-1,-1
254,8,79,210,38,53,1,-1,-1,-1
255,5,806,186,49,37,1,-1,-1,-1
255,7,127,211,61,57,1,-1,-1,-1
255,8,79,210,38,53,1,-1,-1,-1
256,5,803,187,49,37,1,-1,-1,-1
256,7,127,211,61,57,1,-1,-1,-1
256,8,79,210,38,53,1,-1,-1,-1
257,5,801,187,49,37,1,-1,-1,-1
257,7,127,211,61,57,1,-1,-1,-1
257,8,79,210,38,53,1,-1,-1,-1
258,5,798,188,49,37,1,-1,-1,-1
258,7,128,211,60,57,1,-1,-1,-1
258,8,79,210,39,54,1,-1,-1,-1
259,5,796,189,49,37,1,-1,-1,-1
259,7,128,211,61,57,1,-1,-1,-1
259,8,79,210,39,54,1,-1,-1,-1
260,5,793,190,49,37,1,-1,-1,-1
260,7,128,211,61,57,1,-1,-1,-1
260,8,79,210,39,54,1,-1,-1,-1
261,5,791,191,49,37,1,-1,-1,-1
261,7,128,211,61,57,1,-1,-1,-1
261,8,79,210,39,54,1,-1,-1,-1
262,5,788,192,49,37,1,-1,-1,-1
262,7,128,211,62,57,1,-1,-1,-1
262,8,79,210,39,54,1,-1,-1,-1
263,5,786,193,49,37,1,-1,-1,-1
263,7,128,211,62,57,1,-1,-1,-1
263,8,79,210,40,54,1,-1,-1,-1
264,5,783,194,49,37,1,-1,-1,-1
264,7,129,211,61,57,1,-1,-1,-1
264,8,79,210,40,54,1,-1,-1,-1
265,5,781,195,49,37,1,-1,-1,-1
265,7,129,211,61,57,1,-1,-1,-1
265,8,79,210,40,55,1,-1,-1,-1
266,5,778,196,49,37,1,-1,-1,-1
266,7,129,211,62,57,1,-1,-1,-1
266,8,79,210,40,55,1,-1,-1,-1
267,5,776,197,49,37,1,-1,-1,-1
267,7,129,211,62,57,1,-1,-1,-1
267,8,79,210,40,55,1,-1,-1,-1
268,5,773,198,49,37,1,-1,-1,-1
268,7,129,211,62,57,1,-1,-1,-1
268,8,80,210,40,55,1,-1,-1,-1
269,5,771,199,49,37,1,-1,-1,-1
269,7,129,211,63,57,1,-1,-1,-1
269,8,80,209,40,56,1,-1,-1,-1
270,5,768,200,49,37,1,-1,-1,-1
270,7,130,211,62,57,1,-1,-1,-1
270,8,80,209,40,56,1,-1,-1,-1
271,5,766,201,49,37,1,-1,-1,-1
271,7,130,211,62,57,1,-1,-1,-1
271,8,80,209,40,56,1,-1,-1,-1
272,5,763,202,49,37,1,-1,-1,-1
272,7,130,211,62,57,1,-1,-1,-1
272,8,80,209,40,57,1,-1,-1,-1
273,5,761,203,49,37,1,-1,-1,-1
273,7,130,211,63,57,1,-1,-1,-1
273,8,80,209,40,57,1,-1,-1,-1
274,5,758,204,49,37,1,-1,-1,-1
274,7,130,211,63,57,1,-1,-1,-1
274,8,80,209,41,57,1,-1,-1,-1
275,5,756,205,49,37,1,-1,-1,-1
275,7,131,211,62,57,1,-1,-1,-1
275,8,80,209,41,57,1,-1,-1,-1
276,5,753,206,49,37,1,-1,-1,-1
276,7,131,211,63,57,1,-1,-1,-1
276,8,80,209,41,57,1,-1,-1,-1
277,5,751,207,49,37,1,-1,-1,-1
277,7,131,211,63,57,1,-1,-1,-1
277,8,80,209,41,57,1,-1,-1,-1
278,5,749,208,49,37,1,-1,-1,-1
278,7,131,211,63,57,1,-1,-1,-1
278,8,80,209,41,57,1,-1,-1,-1
279,5,746,209,49,37,1,-1,-1,-1
279,7,131,211,63,57,1,-1,-1,-1
279,8,80,209,42,58,1,-1,-1,-1
280,5,744,210,49,37,1,-1,-1,-1
280,7,131,211,64,57,1,-1,-1,-1
280,8,80,209,42,58,1,-1,-1,-1
281,5,741,211,49,37,1,-1,-1,-1
281,7,132,211,63,57,1,-1,-1,-1
281,8,80,209,42,58,1,-1,-1,-1
282,5,739,212,49,37,1,-1,-1,-1
282,7,132,211,63,57,1,-1,-1,-1
282,8,80,209,42,58,1,-1,-1,-1
283,5,736,213,49,37,1,-1,-1,-1
283,7,132,211,64,57,1,-1,-1,-1
283,8,80,209,42,58,1,-1,-1,-1
284,5,734,214,49,37,1,-1,-1,-1
284,7,132,211,64,57,1,-1,-1,-1
284,8,80,209,42,58,1,-1,-1,-1
285,5,732,215,49,37,1,-1,-1,-1
285,7,132,211,64,57,1,-1,-1,-1
285,8,80,209,43,58,1,-1,-1,-1
286,5,729,215,50,38,1,-1,-1,-1
286,7,133,212,64,57,1,-1,-1,-1
286,8,80,209,43,59,1,-1,-1,-1
287,5,727,216,50,38,1,-1,-1,-1
287,7,133,212,64,57,1,-1,-1,-1
287,8,80,209,43,59,1,-1,-1,-1
288,5,725,217,51,39,1,-1,-1,-1
288,7,133,212,64,57,1,-1,-1,-1
288,8,80,209,43,59,1,-1,-1,-1
289,5,723,217,51,40,1,-1,-1,-1
289,7,133,212,64,57,1,-1,-1,-1
289,8,80,209,43,59,1,-1,-1,-1
290,5,721,218,52,40,1,-1,-1,-1
290,7,133,212,65,57,1,-1,-1,-1
290,8,80,209,44,59,1,-1,-1,-1
291,5,719,219,52,41,1,-1,-1,-1
291,7,133,212,65,57,1,-1,-1,-1
291,8,80,209,44,59,1,-1,-1,-1
292,5,717,220,53,41,1,-1,-1,-1
292,7,133,212,65,58,1,-1,-1,-1
292,8,80,209,44,59,1,-1,-1,-1
293,5,715,220,53,42,1,-1,-1,-1
293,7,133,212,66,58,1,-1,-1,-1
293,8,80,209,44,60,1,-1,-1,-1
294,5,713,221,54,43,1,-1,-1,-1
294,7,134,212,65,58,1,-1,-1,-1
294,8,80,209,44,60,1,-1,-1,-1
295,5,711,222,54,43,1,-1,-1,-1
295,7,134,212,65,58,1,-1,-1,-1
295,8,80,209,44,60,1,-1,-1,-1
296,5,709,222,54,44,1,-1,-1,-1
296,7,134,212,66,58,1,-1,-1,-1
296,8,80,209,45,60,1,-1,-1,-1
297,5,707,223,55,45,1,-1,-1,-1
297,7,134,212,66,59,1,-1,-1,-1
297,8,80,209,45,60,1,-1,-1,-1
298,5,705,224,55,45,1,-1,-1,-1
298,7,134,212,66,59,1,-1,-1,-1
298,8,80,209,45,60,1,-1,-1,-1
299,5,703,225,56,45,1,-1,-1,-1
299,7,134,212,67,59,1,-1,-1,-1
299,8,80,209,45,60,1,-1,-1,-1
300,5,701,225,56,47,1,-1,-1,-1
300,7,134,212,67,59,1,-1,-1,-1
300,8,80,209,45,61,1,-1,-1,-1
301,5,699,226,57,47,1,-1,-1,-1
301,7,134,212,67,59,1,-1,-1,-1
301,8,80,209,46,61,1,-1,-1,-1
302,5,697,227,57,47,1,-1,-1,-1
302,7,135,213,67,59,1,-1,-1,-1
302,8,80,209,46,61,1,-1,-1,-1
303,5,695,228,58,48,1,-1,-1,-1
303,7,135,213,67,59,1,-1,-1,-1
303,8,80,209,46,61,1,-1,-1,-1
304,5,693,229,58,49,1,-1,-1,-1
304,7,136,213,67,59,1,-1,-1,-1
304,8,80,209,46,61,1,-1,-1,-1
305,5,691,230,58,50,1,-1,-1,-1
305,7,136,213,68,59,1,-1,-1,-1
305,8,80,209,46,61,1,-1,-1,-1
306,5,689,232,58,50,1,-1,-1,-1
306,7,137,213,68,59,1,-1,-1,-1
306,8,81,209,46,62,1,-1,-1,-1
307,5,687,233,58,51,1,-1,-1,-1
307,7,138,213,68,60,1,-1,-1,-1
307,8,81,209,46,62,1,-1,-1,-1
308,5,686,235,58,51,1,-1,-1,-1
308,7,138,213,68,60,1,-1,-1,-1
308,8,81,209,47,62,1,-1,-1,-1
309,5,684,236,58,52,1,-1,-1,-1
309,7,139,213,68,60,1,-1,-1,-1
309,8,82,209,46,62,1,-1,-1,-1
310,5,682,237,58,53,1,-1,-1,-1
310,7,139,213,69,60,1,-1,-1,-1
310,8,82,209,47,63,1,-1,-1,-1
311,5,680,239,58,53,1,-1,-1,-1
311,7,140,213,69,61,1,-1,-1,-1
311,8,82,209,47,63,1,-1,-1,-1
312,5,678,240,58,54,1,-1,-1,-1
312,7,141,214,69,60,1,-1,-1,-1
312,8,83,209,47,63,1,-1,-1,-1
313,5,677,242,58,54,1,-1,-1,-1
313,7,141,214,69,60,1,-1,-1,-1
313,8,83,209,47,63,1,-1,-1,-1
314,5,675,243,58,54,1,-1,-1,-1
314,7,142,214,69,60,1,-1,-1,-1
314,8,83,209,48,64,1,-1,-1,-1
315,5,674,244,58,55,1,-1,-1,-1
315,7,142,214,70,61,1,-1,-1,-1
315,8,84,210,47,63,1,-1,-1,-1
316,5,673,245,58,55,1,-1,-1,-1
316,7,143,214,70,61,1,-1,-1,-1
316,8,84,210,48,63,1,-1,-1,-1
317,5,671,246,59,56,1,-1,-1,-1
317,7,144,214,70,61,1,-1,-1,-1
317,8,84,210,48,64,1,-1,-1,-1
318,5,670,247,59,56,1,-1,-1,-1
318,7,144,214,70,61,1,-1,-1,-1
318,8,85,210,48,64,1,-1,-1,-1
319,5,669,248,59,57,1,-1,-1,-1
319,7,145,214,70,61,1,-1,-1,-1
319,8,85,210,48,64,1,-1,-1,-1
320,5,667,249,60,57,1,-1,-1,-1
320,7,145,214,71,62,1,-1,-1,-1
320,8,85,210,49,64,1,-1,-1,-1
321,5,666,250,60,58,1,-1,-1,-1
321,7,146,214,71,62,1,-1,-1,-1
321,8,86,210,48,65,1,-1,-1,-1
322,5,665,251,60,58,1,-1,-1,-1
322,7,147,215,71,61,1,-1,-1,-1
322,8,86,210,49,65,1,-1,-1,-1
323,5,663,252,61,59,1,-1,-1,-1
323,7,147,215,71,61,1,-1,-1,-1
323,8,86,210,49,65,1,-1,-1,-1
324,5,662,253,61,59,1,-1,-1,-1
324,7,148,215,71,62,1,-1,-1,-1
324,8,87,211,49,65,1,-1,-1,-1
325,5,661,254,61,60,1,-1,-1,-1
325,7,148,215,72,62,1,-1,-1,-1
325,8,87,211,49,65,1,-1,-1,-1
326,5,660,255,61,60,1,-1,-1,-1
326,7,149,215,72,62,1,-1,-1,-1
326,8,87,211,50,65,1,-1,-1,-1
327,5,659,256,61,61,1,-1,-1,-1
327,7,150,215,72,62,1,-1,-1,-1
327,8,87,211,50,66,1,-1,-1,-1
328,5,659,257,60,62,1,-1,-1,-1
328,7,150,215,72,63,1,-1,-1,-1
328,8,88,211,50,66,1,-1,-1,-1
329,5,658,259,60,62,1,-1,-1,-1
329,7,151,215,72,63,1,-1,-1,-1
329,8,88,211,51,66,1,-1,-1,-1
330,5,658,260,60,63,1,-1,-1,-1
330,7,151,215,73,63,1,-1,-1,-1
330,8,88,211,51,67,1,-1,-1,-1
331,5,657,261,60,64,1,-1,-1,-1
331,7,152,215,73,63,1,-1,-1,-1
331,8,89,211,51,67,1,-1,-1,-1
332,5,657,262,59,65,1,-1,-1,-1
332,7,153,216,73,63,1,-1,-1,-1
332,8,89,211,52,67,1,-1,-1,-1
333,5,656,264,59,64,1,-1,-1,-1
333,7,153,216,74,63,1,-1,-1,-1
333,8,89,212,52,67,1,-1,-1,-1
334,5,656,265,58,65,1,-1,-1,-1
334,7,154,216,74,64,1,-1,-1,-1
334,8,90,212,52,67,1,-1,-1,-1
335,5,655,266,59,66,1,-1,-1,-1
335,7,154,216,75,64,1,-1,-1,-1
335,8,90,212,53,67,1,-1,-1,-1
336,5,655,267,58,67,1,-1,-1,-1
336,7,155,216,75,65,1,-1,-1,-1
336,8,90,212,53,68,1,-1,-1,-1
337,5,654,269,58,67,1,-1,-1,-1
337,7,156,216,76,65,1,-1,-1,-1
337,8,91,212,53,68,1,-1,-1,-1
338,5,654,270,57,68,1,-1,-1,-1
338,7,156,216,77,66,1,-1,-1,-1
338,8,91,212,54,68,1,-1,-1,-1
339,5,653,271,57,69,1,-1,-1,-1
339,7,157,216,77,66,1,-1,-1,-1
339,8,91,212,54,69,1,-1,-1,-1
340,5,653,273,57,69,1,-1,-1,-1
340,7,157,216,78,67,1,-1,-1,-1
340,8,91,212,55,69,1,-1,-1,-1
341,5,653,275,58,69,1,-1,-1,-1
341,7,158,216,78,68,1,-1,-1,-1
341,8,92,212,55,69,1,-1,-1,-1
342,5,653,277,60,69,1,-1,-1,-1
342,7,159,216,79,68,1,-1,-1,-1
342,8,92,213,55,69,1,-1,-1,-1
343,5,654,279,61,70,1,-1,-1,-1
343,7,159,216,80,69,1,-1,-1,-1
343,8,92,213,56,69,1,-1,-1,-1
344,5,654,280,62,71,1,-1,-1,-1
344,7,160,217,80,68,1,-1,-1,-1
344,8,93,213,56,69,1,-1,-1,-1
345,5,654,282,63,71,1,-1,-1,-1
345,7,160,217,81,69,1,-1,-1,-1
345,8,93,213,56,70,1,-1,-1,-1
346,5,655,284,64,72,1,-1,-1,-1
346,7,161,217,82,69,1,-1,-1,-1
346,8,93,213,57,70,1,-1,-1,-1
347,5,655,286,65,72,1,-1,-1,-1
347,7,162,217,82,70,1,-1,-1,-1
347,8,94,213,57,70,1,-1,-1,-1
348,5,656,288,66,73,1,-1,-1,-1
348,7,162,217,83,71,1,-1,-1,-1
348,8,94,213,57,71,1,-1,-1,-1
349,5,656,290,67,73,1,-1,-1,-1
349,7,163,217,83,71,1,-1,-1,-1
349,8,94,213,58,71,1,-1,-1,-1
350,5,656,292,68,74,1,-1,-1,-1
350,7,163,217,84,72,1,-1,-1,-1
350,8,95,214,58,71,1,-1,-1,-1
351,5,657,293,69,75,1,-1,-1,-1
351,7,164,217,85,72,1,-1,-1,-1
351,8,95,214,58,71,1,-1,-1,-1
352,5,657,295,70,76,1,-1,-1,-1
352,7,165,217,85,73,1,-1,-1,-1
352,8,95,214,59,71,1,-1,-1,-1
353,5,658,297,71,76,1,-1,-1,-1
353,7,165,217,86,73,1,-1,-1,-1
353,8,96,214,59,72,1,-1,-1,-1
354,5,658,299,72,77,1,-1,-1,-1
354,7,166,217,86,74,1,-1,-1,-1
354,8,96,214,60,72,1,-1,-1,-1
355,5,658,301,73,77,1,-1,-1,-1
355,7,167,218,87,74,1,-1,-1,-1
355,8,97,214,60,72,1,-1,-1,-1
356,5,659,303,74,78,1,-1,-1,-1
356,7,167,218,88,74,1,-1,-1,-1
356,8,97,214,60,73,1,-1,-1,-1
357,5,659,305,75,78,1,-1,-1,-1
357,7,168,218,89,75,1,-1,-1,-1
357,8,98,214,60,73,1,-1,-1,-1
358,5,660,307,76,79,1,-1,-1,-1
358,7,169,218,89,76,1,-1,-1,-1
358,8,98,215,61,72,1,-1,-1,-1
359,5,661,309,78,80,1,-1,-1,-1
359,7,170,218,90,76,1,-1,-1,-1
359,8,99,215,61,73,1,-1,-1,-1
360,5,662,311,80,81,1,-1,-1,-1
360,7,171,218,90,77,1,-1,-1,-1
360,8,99,215,62,73,1,-1,-1,-1
361,5,664,313,81,82,1,-1,-1,-1
361,7,172,219,91,77,1,-1,-1,-1
361,8,99,215,62,73,1,-1,-1,-1
362,5,665,315,83,84,1,-1,-1,-1
362,7,173,219,91,77,1,-1,-1,-1
362,8,100,215,62,74,1,-1,-1,-1
363,5,667,317,85,85,1,-1,-1,-1
363,7,174,219,92,78,1,-1,-1,-1
363,8,100,215,63,74,1,-1,-1,-1
364,5,668,320,87,85,1,-1,-1,-1
364,7,175,219,92,79,1,-1,-1,-1
364,8,101,215,63,75,1,-1,-1,-1
365,5,670,322,88,86,1,-1,-1,-1
365,7,176,219,93,79,1,-1,-1,-1
365,8,101,216,64,74,1,-1,-1,-1
366,5,671,324,90,88,1,-1,-1,-1
366,7,177,220,94,79,1,-1,-1,-1
366,8,102,216,63,74,1,-1,-1,-1
367,5,673,326,92,89,1,-1,-1,-1
367,7,178,220,94,80,1,-1,-1,-1
367,8,102,216,64,75,1,-1,-1,-1
368,5,674,328,94,90,1,-1,-1,-1
368,7,179,220,95,80,1,-1,-1,-1
368,8,103,216,64,75,1,-1,-1,-1
369,5,675,330,96,92,1,-1,-1,-1
369,7,180,220,95,81,1,-1,-1,-1
369,8,103,216,65,75,1,-1,-1,-1
370,5,677,333,97,92,1,-1,-1,-1
370,7,181,220,96,82,1,-1,-1,-1
370,8,103,216,66,76,1,-1,-1,-1
371,5,678,335,99,93,1,-1,-1,-1
371,7,182,220,96,82,1,-1,-1,-1
371,8,104,216,66,76,1,-1,-1,-1
372,5,680,337,101,94,1,-1,-1,-1
372,7,183,221,97,82,1,-1,-1,-1
372,8,104,217,66,75,1,-1,-1,-1
373,5,681,339,103,96,1,-1,-1,-1
373,7,184,221,97,83,1,-1,-1,-1
373,8,105,217,66,76,1,-1,-1,-1
374,5,683,341,104,97,1,-1,-1,-1
374,7,185,221,98,83,1,-1,-1,-1
374,8,105,217,67,76,1,-1,-1,-1
375,5,684,343,106,98,1,-1,-1,-1
375,7,186,221,98,84,1,-1,-1,-1
375,8,106,217,67,77,1,-1,-1,-1
376,5,686,346,108,99,1,-1,-1,-1
376,7,187,221,99,85,1,-1,-1,-1
376,8,106,217,68,77,1,-1,-1,-1
377,5,688,348,111,100,1,-1,-1,-1
377,7,188,222,100,84,1,-1,-1,-1
377,8,107,217,67,77,1,-1,-1,-1
378,5,691,351,114,101,1,-1,-1,-1
378,6,166,237,31,32,1,-1,-1,-1
378,7,189,222,100,85,1,-1,-1,-1
378,8,107,217,68,78,1,-1,-1,-1
379,5,694,353,116,103,1,-1,-1,-1
379,6,166,237,32,32,1,-1,-1,-1
379,7,190,222,101,86,1,-1,-1,-1
379,8,108,218,68,77,1,-1,-1,-1
380,5,697,356,119,104,1,-1,-1,-1
380,6,167,237,32,32,1,-1,-1,-1
380,7,191,222,101,86,1,-1,-1,-1
380,8,108,218,69,77,1,-1,-1,-1
381,5,699,358,122,106,1,-1,-1,-1
381,6,168,237,32,33,1,-1,-1,-1
381,7,192,222,102,87,1,-1,-1,-1
381,8,108,218,70,78,1,-1,-1,-1
382,5,702,361,125,107,1,-1,-1,-1
382,6,169,237,32,33,1,-1,-1,-1
382,7,193,222,102,88,1,-1,-1,-1
382,8,109,218,69,78,1,-1,-1,-1
383,5,705,364,128,108,1,-1,-1,-1
383,6,170,237,32,34,1,-1,-1,-1
383,7,194,223,103,87,1,-1,-1,-1
383,8,109,218,70,78,1,-1,-1,-1
384,5,708,366,130,110,1,-1,-1,-1
384,6,171,238,32,33,1,-1,-1,-1
384,7,195,223,103,88,1,-1,-1,-1
384,8,110,218,70,79,1,-1,-1,-1
385,5,711,369,133,111,1,-1,-1,-1
385,6,171,238,33,33,1,-1,-1,-1
385,7,196,223,104,89,1,-1,-1,-1
385,8,110,218,71,79,1,-1,-1,-1
386,5,713,371,136,113,1,-1,-1,-1
386,6,172,238,33,34,1,-1,-1,-1
386,7,197,223,104,89,1,-1,-1,-1
386,8,111,218,71,80,1,-1,-1,-1
387,5,716,374,139,114,1,-1,-1,-1
387,6,173,238,33,34,1,-1,-1,-1
387,7,198,223,105,90,1,-1,-1,-1
387,8,111,219,71,79,1,-1,-1,-1
388,5,719,376,141,116,1,-1,-1,-1
388,6,174,238,33,35,1,-1,-1,-1
388,7,199,224,106,90,1,-1,-1,-1
388,8,112,219,71,79,1,-1,-1,-1
389,5,722,379,144,117,1,-1,-1,-1
389,6,175,238,33,35,1,-1,-1,-1
389,7,200,224,106,90,1,-1,-1,-1
389,8,112,219,72,80,1,-1,-1,-1
390,5,725,382,147,118,1,-1,-1,-1
390,6,176,239,33,34,1,-1,-1,-1
390,7,201,224,107,90,1,-1,-1,-1
390,8,112,219,73,80,1,-1,-1,-1
391,5,730,385,150,119,1,-1,-1,-1
391,6,176,239,34,35,1,-1,-1,-1
391,7,202,224,108,91,1,-1,-1,-1
391,8,113,219,73,80,1,-1,-1,-1
392,5,735,388,153,121,1,-1,-1,-1
392,6,177,239,34,35,1,-1,-1,-1
392,7,204,224,108,91,1,-1,-1,-1
392,8,113,219,74,81,1,-1,-1,-1
393,5,740,391,156,123,1,-1,-1,-1
393,6,178,239,35,36,1,-1,-1,-1
393,7,205,225,109,91,1,-1,-1,-1
393,8,114,219,73,81,1,-1,-1,-1
394,5,746,394,158,124,1,-1,-1,-1
394,6,179,239,35,36,1,-1,-1,-1
394,7,206,225,109,91,1,-1,-1,-1
394,8,114,220,74,80,1,-1,-1,-1
395,5,751,397,161,126,1,-1,-1,-1
395,6,180,239,35,36,1,-1,-1,-1
395,7,207,225,110,92,1,-1,-1,-1
395,8,115,220,74,81,1,-1,-1,-1
396,5,756,401,164,127,1,-1,-1,-1
396,6,181,240,35,36,1,-1,-1,-1
396,7,209,225,110,92,1,-1,-1,-1
396,8,115,220,75,81,1,-1,-1,-1
397,5,761,404,167,129,1,-1,-1,-1
397,6,181,240,36,36,1,-1,-1,-1
397,7,210,225,111,92,1,-1,-1,-1
397,8,116,220,75,82,1,-1,-1,-1
398,5,767,407,169,130,1,-1,-1,-1
398,6,182,240,36,37,1,-1,-1,-1
398,7,211,226,112,92,1,-1,-1,-1
398,8,116,220,75,82,1,-1,-1,-1
399,5,772,410,172,132,1,-1,-1,-1
399,6,183,240,36,37,1,-1,-1,-1
399,7,212,226,112,92,1,-1,-1,-1
399,8,116,220,76,82,1,-1,-1,-1
400,5,777,413,175,134,1,-1,-1,-1
400,6,184,240,36,37,1,-1,-1,-1
400,7,214,226,112,93,1,-1,-1,-1
400,8,117,220,76,83,1,-1,-1,-1
401,5,783,417,177,135,1,-1,-1,-1
401,6,185,240,36,38,1,-1,-1,-1
401,7,215,226,113,93,1,-1,-1,-1
401,8,117,221,77,82,1,-1,-1,-1
402,5,790,420,179,137,1,-1,-1,-1
402,6,186,241,36,37,1,-1,-1,-1
402,7,216,227,114,93,1,-1,-1,-1
402,8,118,221,77,82,1,-1,-1,-1
403,5,797,424,182,139,1,-1,-1,-1
403,6,186,241,37,38,1,-1,-1,-1
403,7,217,227,115,93,1,-1,-1,-1
403,8,118,221,77,83,1,-1,-1,-1
404,5,804,428,184,140,1,-1,-1,-1
404,6,187,241,37,38,1,-1,-1,-1
404,7,219,227,115,94,1,-1,-1,-1
404,8,119,221,77,83,1,-1,-1,-1
405,5,811,432,187,142,1,-1,-1,-1
405,6,188,241,37,38,1,-1,-1,-1
405,7,220,227,115,94,1,-1,-1,-1
405,8,119,221,78,83,1,-1,-1,-1
406,5,818,436,190,143,1,-1,-1,-1
406,6,189,241,37,39,1,-1,-1,-1
406,7,221,227,116,94,1,-1,-1,-1
406,8,120,221,78,84,1,-1,-1,-1
407,5,825,440,192,145,1,-1,-1,-1
407,6,190,241,37,39,1,-1,-1,-1
407,7,222,228,117,94,1,-1,-1,-1
407,8,120,221,79,84,1,-1,-1,-1
408,5,832,444,195,146,1,-1,-1,-1
408,6,191,242,38,39,1,-1,-1,-1
408,7,224,228,117,94,1,-1,-1,-1
408,8,121,222,79,84,1,-1,-1,-1
409,5,839,448,198,148,1,-1,-1,-1
409,6,192,242,38,39,1,-1,-1,-1
409,7,225,228,118,95,1,-1,-1,-1
409,8,121,222,80,84,1,-1,-1,-1
410,5,846,452,200,149,1,-1,-1,-1
410,6,193,242,39,40,1,-1,-1,-1
410,7,226,228,118,95,1,-1,-1,-1
410,8,122,222,81,85,1,-1,-1,-1
411,5,853,456,203,151,1,-1,-1,-1
411,6,194,243,40,39,1,-1,-1,-1
411,7,227,229,119,95,1,-1,-1,-1
411,8,123,222,81,85,1,-1,-1,-1
412,5,860,460,206,153,1,-1,-1,-1
412,6,196,243,39,40,1,-1,-1,-1
412,7,229,229,119,95,1,-1,-1,-1
412,8,124,223,82,85,1,-1,-1,-1
413,5,869,463,207,155,1,-1,-1,-1
413,6,197,243,40,40,1,-1,-1,-1
413,7,230,229,120,95,1,-1,-1,-1
413,8,125,223,83,85,1,-1,-1,-1
414,5,878,467,209,156,1,-1,-1,-1
414,6,198,244,41,40,1,-1,-1,-1
414,7,231,229,121,96,1,-1,-1,-1
414,8,126,223,83,86,1,-1,-1,-1
415,5,887,471,211,158,1,-1,-1,-1
415,6,200,244,40,40,1,-1,-1,-1
415,7,232,229,121,96,1,-1,-1,-1
415,8,127,223,84,87,1,-1,-1,-1
416,5,896,475,212,159,1,-1,-1,-1
416,6,201,244,41,41,1,-1,-1,-1
416,7,234,230,121,96,1,-1,-1,-1
416,8,127,224,86,86,1,-1,-1,-1
417,5,905,479,214,160,1,-1,-1,-1
417,6,202,245,42,40,1,-1,-1,-1
417,7,235,230,122,96,1,-1,-1,-1
417,8,128,224,86,87,1,-1,-1,-1
418,5,914,482,216,163,1,-1,-1,-1
418,6,204,245,41,41,1,-1,-1,-1
418,7,236,230,123,97,1,-1,-1,-1
418,8,129,224,87,87,1,-1,-1,-1
419,5,923,486,218,164,1,-1,-1,-1
419,6,205,245,42,42,1,-1,-1,-1
419,7,237,230,124,97,1,-1,-1,-1
419,8,130,224,88,88,1,-1,-1,-1
420,2,1205,392,72,53,1,-1,-1,-1
420,4,1192,438,87,72,1,-1,-1,-1
420,5,932,490,219,165,1,-1,-1,-1
420,6,206,246,43,41,1,-1,-1,-1
420,7,239,231,124,97,1,-1,-1,-1
420,8,131,225,88,88,1,-1,-1,-1
421,2,1197,390,79,55,1,-1,-1,-1
421,4,1188,438,91,71,1,-1,-1,-1
421,5,941,494,221,167,1,-1,-1,-1
421,6,208,246,42,42,1,-1,-1,-1
421,7,240,231,126,97,1,-1,-1,-1
421,8,132,225,89,88,1,-1,-1,-1
422,2,1190,389,86,56,1,-1,-1,-1
422,4,1184,438,95,71,1,-1,-1,-1
422,5,950,498,223,168,1,-1,-1,-1
422,6,209,246,43,42,1,-1,-1,-1
422,7,242,231,127,98,1,-1,-1,-1
422,8,133,225,90,89,1,-1,-1,-1
423,2,1182,388,94,57,1,-1,-1,-1
423,4,1180,438,99,71,1,-1,-1,-1
423,5,959,502,225,170,1,-1,-1,-1
423,6,210,247,44,42,1,-1,-1,-1
423,7,244,232,128,98,1,-1,-1,-1
423,8,134,225,90,89,1,-1,-1,-1
424,2,1175,386,100,59,1,-1,-1,-1
424,4,1177,438,102,71,1,-1,-1,-1
424,5,969,506,225,170,1,-1,-1,-1
424,6,212,247,43,42,1,-1,-1,-1
424,7,246,232,129,99,1,-1,-1,-1
424,8,134,226,92,89,1,-1,-1,-1
425,2,1167,385,108,60,1,-1,-1,-1
425,4,1173,438,106,71,1,-1,-1,-1
425,5,979,511,225,170,1,-1,-1,-1
425,6,213,248,44,42,1,-1,-1,-1
425,7,248,233,130,99,1,-1,-1,-1
425,8,135,226,93,89,1,-1,-1,-1
426,2,1160,384,115,61,1,-1,-1,-1
426,4,1169,438,110,71,1,-1,-1,-1
426,5,989,515,225,170,1,-1,-1,-1
426,6,214,248,45,42,1,-1,-1,-1
426,7,250,233,131,100,1,-1,-1,-1
426,8,136,226,93,90,1,-1,-1,-1
427,2,1153,383,122,62,1,-1,-1,-1
427,4,1166,438,113,71,1,-1,-1,-1
427,5,999,520,225,170,1,-1,-1,-1
427,6,216,248,44,43,1,-1,-1,-1
427,7,252,234,132,100,1,-1,-1,-1
427,8,137,226,94,91,1,-1,-1,-1
428,2,1144,381,123,62,1,-1,-1,-1
428,4,1162,436,114,71,1,-1,-1,-1
428,5,1010,525,225,170,1,-1,-1,-1
428,6,217,249,45,42,1,-1,-1,-1
428,7,253,234,134,100,1,-1,-1,-1
428,8,138,227,95,90,1,-1,-1,-1
429,2,1136,380,123,61,1,-1,-1,-1
429,4,1158,435,116,71,1,-1,-1,-1
429,5,1021,528,222,170,1,-1,-1,-1
429,6,218,249,46,43,1,-1,-1,-1
429,7,255,234,135,101,1,-1,-1,-1
429,8,139,227,95,91,1,-1,-1,-1
430,2,1128,378,123,62,1,-1,-1,-1
430,4,1154,434,117,70,1,-1,-1,-1
430,5,1032,532,219,169,1,-1,-1,-1
430,6,220,249,45,44,1,-1,-1,-1
430,7,257,235,136,101,1,-1,-1,-1
430,8,140,227,96,91,1,-1,-1,-1
431,2,1120,377,123,61,1,-1,-1,-1
431,4,1150,433,119,70,1,-1,-1,-1
431,5,1043,535,216,170,1,-1,-1,-1
431,6,221,250,46,43,1,-1,-1,-1
431,7,259,235,137,102,1,-1,-1,-1
431,8,141,228,97,91,1,-1,-1,-1
432,2,1112,375,124,62,1,-1,-1,-1
432,4,1146,432,120,69,1,-1,-1,-1
432,5,1054,539,213,169,1,-1,-1,-1
432,6,222,250,47,44,1,-1,-1,-1
432,7,261,236,138,102,1,-1,-1,-1
432,8,141,228,98,92,1,-1,-1,-1
433,2,1104,374,124,61,1,-1,-1,-1
433,4,1142,431,122,69,1,-1,-1,-1
433,5,1066,543,209,169,1,-1,-1,-1
433,6,224,250,46,44,1,-1,-1,-1
433,7,263,236,139,103,1,-1,-1,-1
433,8,142,228,99,92,1,-1,-1,-1
434,2,1096,372,124,61,1,-1,-1,-1
434,4,1139,430,123,69,1,-1,-1,-1
434,5,1076,547,198,164,1,-1,-1,-1
434,6,225,251,47,44,1,-1,-1,-1
434,7,265,237,140,103,1,-1,-1,-1
434,8,143,228,99,93,1,-1,-1,-1
435,2,1088,371,124,61,1,-1,-1,-1
435,4,1135,428,123,70,1,-1,-1,-1
435,5,1087,552,187,159,1,-1,-1,-1
435,6,226,251,48,44,1,-1,-1,-1
435,7,266,237,142,103,1,-1,-1,-1
435,8,144,229,100,92,1,-1,-1,-1
436,2,1080,369,124,61,1,-1,-1,-1
436,4,1131,427,123,70,1,-1,-1,-1
436,5,1097,556,177,155,1,-1,-1,-1
436,6,228,251,47,45,1,-1,-1,-1
436,7,268,237,143,104,1,-1,-1,-1
436,8,145,229,101,93,1,-1,-1,-1
437,2,1072,368,125,61,1,-1,-1,-1
437,4,1127,426,123,71,1,-1,-1,-1
437,5,1108,561,166,150,1,-1,-1,-1
437,6,229,252,48,44,1,-1,-1,-1
437,7,270,238,144,104,1,-1,-1,-1
437,8,146,229,101,94,1,-1,-1,-1
438,2,1062,366,126,61,1,-1,-1,-1
438,4,1123,425,123,71,1,-1,-1,-1
438,5,1118,565,156,146,1,-1,-1,-1
438,6,230,252,49,45,1,-1,-1,-1
438,7,272,238,145,105,1,-1,-1,-1
438,8,147,229,102,94,1,-1,-1,-1
439,2,1053,364,127,61,1,-1,-1,-1
439,4,1119,424,123,72,1,-1,-1,-1
439,6,232,253,49,45,1,-1,-1,-1
439,7,274,239,146,105,1,-1,-1,-1
439,8,147,230,104,94,1,-1,-1,-1
440,2,1044,363,128,60,1,-1,-1,-1
440,4,1115,423,123,72,1,-1,-1,-1
440,6,233,253,50,45,1,-1,-1,-1
440,7,276,239,147,106,1,-1,-1,-1
440,8,148,230,104,94,1,-1,-1,-1
441,2,1035,361,129,61,1,-1,-1,-1
441,4,1111,422,123,72,1,-1,-1,-1
441,6,235,253,50,46,1,-1,-1,-1
441,7,278,240,148,106,1,-1,-1,-1
441,8,149,230,105,95,1,-1,-1,-1
442,2,1026,359,130,61,1,-1,-1,-1
442,4,1107,421,123,73,1,-1,-1,-1
442,6,237,254,50,46,1,-1,-1,-1
442,7,279,240,150,106,1,-1,-1,-1
442,8,150,230,106,95,1,-1,-1,-1
443,2,1017,358,131,60,1,-1,-1,-1
443,4,1103,420,123,73,1,-1,-1,-1
443,6,238,254,51,46,1,-1,-1,-1
443,7,281,240,151,107,1,-1,-1,-1
443,8,151,231,106,95,1,-1,-1,-1
444,2,1008,356,132,60,1,-1,-1,-1
444,4,1099,419,123,74,1,-1,-1,-1
444,6,240,254,51,47,1,-1,-1,-1
444,7,283,241,152,107,1,-1,-1,-1
444,8,152,231,107,96,1,-1,-1,-1
445,2,999,355,133,60,1,-1,-1,-1
445,4,1095,418,123,74,1,-1,-1,-1
445,6,242,255,51,47,1,-1,-1,-1
445,7,285,241,153,108,1,-1,-1,-1
445,8,153,231,108,96,1,-1,-1,-1
445,9,119,211,56,56,1,-1,-1,-1
446,2,989,353,133,60,1,-1,-1,-1
446,4,1091,417,123,74,1,-1,-1,-1
446,6,244,255,51,48,1,-1,-1,-1
446,7,287,242,154,108,1,-1,-1,-1
446,8,154,231,108,97,1,-1,-1,-1
446,9,119,211,57,56,1,-1,-1,-1
447,2,980,351,133,60,1,-1,-1,-1
447,4,1087,416,123,75,1,-1,-1,-1
447,6,245,255,52,48,1,-1,-1,-1
447,7,289,242,155,109,1,-1,-1,-1
447,8,154,232,110,96,1,-1,-1,-1
447,9,120,211,57,57,1,-1,-1,-1
448,2,971,349,133,60,1,-1,-1,-1
448,4,1083,415,123,75,1,-1,-1,-1
448,6,247,256,52,48,1,-1,-1,-1
448,7,291,243,156,109,1,-1,-1,-1
448,8,155,232,111,97,1,-1,-1,-1
448,9,121,211,58,57,1,-1,-1,-1
449,2,961,347,133,60,1,-1,-1,-1
449,4,1080,414,123,76,1,-1,-1,-1
449,6,249,256,52,49,1,-1,-1,-1
449,7,293,243,157,109,1,-1,-1,-1
449,8,156,232,111,98,1,-1,-1,-1
449,9,122,211,58,58,1,-1,-1,-1
450,2,952,345,133,60,1,-1,-1,-1
450,4,1075,412,123,76,1,-1,-1,-1
450,6,250,256,53,49,1,-1,-1,-1
450,7,296,243,158,110,1,-1,-1,-1
450,8,157,232,112,98,1,-1,-1,-1
450,9,123,211,59,59,1,-1,-1,-1
451,2,943,343,133,60,1,-1,-1,-1
451,4,1070,411,123,76,1,-1,-1,-1
451,6,252,257,53,49,1,-1,-1,-1
451,7,298,243,160,111,1,-1,-1,-1
451,8,158,233,113,98,1,-1,-1,-1
451,9,124,211,59,59,1,-1,-1,-1
452,2,933,341,133,60,1,-1,-1,-1
452,4,1066,410,123,76,1,-1,-1,-1
452,6,254,257,53,50,1,-1,-1,-1
452,7,301,243,160,111,1,-1,-1,-1
452,8,159,233,113,98,1,-1,-1,-1
452,9,124,212,61,59,1,-1,-1,-1
452,10,82,211,57,65,1,-1,-1,-1
453,2,924,340,133,60,1,-1,-1,-1
453,4,1061,409,123,76,1,-1,-1,-1
453,6,256,258,54,50,1,-1,-1,-1
453,7,303,243,162,112,1,-1,-1,-1
453,8,160,233,114,99,1,-1,-1,-1
453,9,125,212,61,59,1,-1,-1,-1
453,10,82,211,57,65,1,-1,-1,-1
454,2,915,338,133,60,1,-1,-1,-1
454,4,1057,408,123,76,1,-1,-1,-1
454,6,258,258,54,50,1,-1,-1,-1
454,7,306,244,163,112,1,-1,-1,-1
454,8,161,234,115,99,1,-1,-1,-1
454,9,126,212,62,60,1,-1,-1,-1
454,10,82,211,58,65,1,-1,-1,-1
455,2,905,336,133,60,1,-1,-1,-1
455,4,1052,407,123,76,1,-1,-1,-1
455,6,261,258,54,50,1,-1,-1,-1
455,7,309,244,164,113,1,-1,-1,-1
455,8,162,234,117,100,1,-1,-1,-1
455,9,127,212,62,61,1,-1,-1,-1
455,10,83,211,58,66,1,-1,-1,-1
456,2,896,334,133,60,1,-1,-1,-1
456,4,1047,405,123,76,1,-1,-1,-1
456,6,264,259,53,49,1,-1,-1,-1
456,7,312,245,166,113,1,-1,-1,-1
456,8,164,234,118,101,1,-1,-1,-1
456,9,128,212,63,61,1,-1,-1,-1
456,10,83,211,59,66,1,-1,-1,-1
457,2,887,332,133,60,1,-1,-1,-1
457,4,1043,404,123,76,1,-1,-1,-1
457,6,266,259,54,50,1,-1,-1,-1
457,7,316,246,166,113,1,-1,-1,-1
457,8,166,235,120,102,1,-1,-1,-1
457,9,129,212,63,62,1,-1,-1,-1
457,10,83,212,59,66,1,-1,-1,-1
458,2,877,330,133,60,1,-1,-1,-1
458,4,1038,403,123,76,1,-1,-1,-1
458,6,269,260,53,49,1,-1,-1,-1
458,7,319,246,168,114,1,-1,-1,-1
458,8,167,235,122,103,1,-1,-1,-1
458,9,129,213,65,61,1,-1,-1,-1
458,10,84,212,59,66,1,-1,-1,-1
459,2,868,328,133,60,1,-1,-1,-1
459,4,1034,402,123,76,1,-1,-1,-1
459,6,272,260,53,49,1,-1,-1,-1
459,7,323,247,168,114,1,-1,-1,-1
459,8,169,235,123,104,1,-1,-1,-1
459,9,130,213,65,62,1,-1,-1,-1
459,10,84,212,60,67,1,-1,-1,-1
460,2,859,326,133,60,1,-1,-1,-1
460,4,1029,401,123,76,1,-1,-1,-1
460,6,275,261,52,48,1,-1,-1,-1
460,7,326,248,170,114,1,-1,-1,-1
460,8,171,236,125,105,1,-1,-1,-1
460,9,131,213,66,63,1,-1,-1,-1
460,10,84,212,61,67,1,-1,-1,-1
461,2,850,325,133,60,1,-1,-1,-1
461,4,1025,400,123,76,1,-1,-1,-1
461,6,277,261,53,49,1,-1,-1,-1
461,7,330,249,171,115,1,-1,-1,-1
461,8,173,236,126,106,1,-1,-1,-1
461,9,132,213,66,63,1,-1,-1,-1
461,10,85,212,60,68,1,-1,-1,-1
462,2,841,323,132,60,1,-1,-1,-1
462,4,1020,399,123,76,1,-1,-1,-1
462,6,280,262,52,48,1,-1,-1,-1
462,7,333,249,174,117,1,-1,-1,-1
462,8,174,236,128,107,1,-1,-1,-1
462,9,133,213,67,64,1,-1,-1,-1
462,10,85,213,61,67,1,-1,-1,-1
463,2,832,321,131,60,1,-1,-1,-1
463,4,1015,397,123,76,1,-1,-1,-1
463,6,283,262,52,48,1,-1,-1,-1
463,7,337,250,176,118,1,-1,-1,-1
463,8,176,237,130,108,1,-1,-1,-1
463,9,134,213,67,64,1,-1,-1,-1
463,10,85,213,62,67,1,-1,-1,-1
464,2,824,320,130,60,1,-1,-1,-1
464,4,1011,396,123,76,1,-1,-1,-1
464,6,286,263,52,48,1,-1,-1,-1
464,7,341,251,178,119,1,-1,-1,-1
464,8,178,237,131,109,1,-1,-1,-1
464,9,134,214,69,64,1,-1,-1,-1
464,10,86,213,62,68,1,-1,-1,-1
465,2,815,318,129,60,1,-1,-1,-1
465,4,1006,395,123,76,1,-1,-1,-1
465,6,287,263,53,49,1,-1,-1,-1
465,7,344,251,181,121,1,-1,-1,-1
465,8,179,238,134,110,1,-1,-1,-1
465,9,135,214,69,65,1,-1,-1,-1
465,10,86,213,63,68,1,-1,-1,-1
466,2,807,317,127,60,1,-1,-1,-1
466,4,1002,394,123,76,1,-1,-1,-1
466,6,289,263,54,51,1,-1,-1,-1
466,7,348,252,183,122,1,-1,-1,-1
466,8,181,238,135,111,1,-1,-1,-1
466,9,136,214,70,65,1,-1,-1,-1
466,10,86,213,63,69,1,-1,-1,-1
467,2,798,315,127,60,1,-1,-1,-1
467,4,997,393,123,76,1,-1,-1,-1
467,6,290,264,56,51,1,-1,-1,-1
467,7,352,253,185,123,1,-1,-1,-1
467,8,183,238,136,112,1,-1,-1,-1
467,9,137,214,70,66,1,-1,-1,-1
467,10,87,214,63,68,1,-1,-1,-1
468,2,789,314,126,59,1,-1,-1,-1
468,4,993,392,123,76,1,-1,-1,-1
468,6,292,264,56,53,1,-1,-1,-1
468,7,355,254,188,124,1,-1,-1,-1
468,8,185,239,138,113,1,-1,-1,-1
468,9,138,214,71,66,1,-1,-1,-1
468,10,87,214,64,69,1,-1,-1,-1
469,2,781,312,124,60,1,-1,-1,-1
469,4,988,390,123,76,1,-1,-1,-1
469,6,293,265,58,54,1,-1,-1,-1
469,7,359,254,190,126,1,-1,-1,-1
469,8,186,239,140,114,1,-1,-1,-1
469,9,139,214,71,67,1,-1,-1,-1
469,10,87,214,65,69,1,-1,-1,-1
470,2,772,311,124,59,1,-1,-1,-1
470,4,983,389,123,76,1,-1,-1,-1
470,6,295,265,59,55,1,-1,-1,-1
470,7,363,255,192,127,1,-1,-1,-1
470,8,188,239,141,115,1,-1,-1,-1
470,9,139,215,73,67,1,-1,-1,-1
470,10,88,214,64,70,1,-1,-1,-1
471,2,764,309,122,60,1,-1,-1,-1
471,4,979,388,123,76,1,-1,-1,-1
471,6,296,266,61,56,1,-1,-1,-1
471,7,366,256,196,128,1,-1,-1,-1
471,8,190,240,143,116,1,-1,-1,-1
471,9,140,215,73,67,1,-1,-1,-1
471,10,88,214,65,70,1,-1,-1,-1
472,2,755,308,121,59,1,-1,-1,-1
472,4,974,387,123,76,1,-1,-1,-1
472,6,298,266,61,58,1,-1,-1,-1
472,7,370,257,198,129,1,-1,-1,-1
472,8,191,240,145,117,1,-1,-1,-1
472,9,141,215,74,68,1,-1,-1,-1
472,10,88,215,66,70,1,-1,-1,-1
473,2,746,306,121,59,1,-1,-1,-1
473,4,970,386,123,76,1,-1,-1,-1
473,6,299,267,63,58,1,-1,-1,-1
473,7,374,257,200,131,1,-1,-1,-1
473,8,193,241,147,118,1,-1,-1,-1
473,9,142,215,74,69,1,-1,-1,-1
473,10,89,215,66,70,1,-1,-1,-1
474,2,738,305,119,59,1,-1,-1,-1
474,4,965,385,123,76,1,-1,-1,-1
474,6,301,267,64,60,1,-1,-1,-1
474,7,377,258,203,132,1,-1,-1,-1
474,8,195,241,148,119,1,-1,-1,-1
474,9,143,215,74,69,1,-1,-1,-1
474,10,89,215,67,70,1,-1,-1,-1
475,2,729,303,118,59,1,-1,-1,-1
475,4,961,384,123,76,1,-1,-1,-1
475,6,303,268,65,61,1,-1,-1,-1
475,7,381,259,205,133,1,-1,-1,-1
475,8,197,241,149,120,1,-1,-1,-1
475,9,144,215,75,70,1,-1,-1,-1
475,10,89,215,67,71,1,-1,-1,-1
476,2,721,302,117,59,1,-1,-1,-1
476,4,956,382,123,76,1,-1,-1,-1
476,6,306,268,65,61,1,-1,-1,-1
476,7,385,260,207,134,1,-1,-1,-1
476,8,198,242,152,121,1,-1,-1,-1
476,9,145,215,75,70,1,-1,-1,-1
476,10,90,215,67,71,1,-1,-1,-1
477,2,711,300,117,58,1,-1,-1,-1
477,4,951,381,123,76,1,-1,-1,-1
477,6,310,269,65,61,1,-1,-1,-1
477,7,388,260,210,136,1,-1,-1,-1
477,8,200,242,153,122,1,-1,-1,-1
477,9,145,216,77,70,1,-1,-1,-1
477,10,90,216,68,71,1,-1,-1,-1
478,2,702,299,117,57,1,-1,-1,-1
478,4,947,380,123,76,1,-1,-1,-1
478,6,314,270,65,61,1,-1,-1,-1
478,7,392,261,212,137,1,-1,-1,-1
478,8,202,242,154,123,1,-1,-1,-1
478,9,146,216,77,71,1,-1,-1,-1
478,10,90,216,69,71,1,-1,-1,-1
479,2,693,297,116,57,1,-1,-1,-1
479,4,942,379,123,76,1,-1,-1,-1
479,6,317,271,65,61,1,-1,-1,-1
479,7,396,262,214,138,1,-1,-1,-1
479,8,203,243,157,124,1,-1,-1,-1
479,9,147,216,78,71,1,-1,-1,-1
479,10,91,216,68,72,1,-1,-1,-1
480,2,683,296,117,56,1,-1,-1,-1
480,4,938,378,123,76,1,-1,-1,-1
480,6,321,271,65,61,1,-1,-1,-1
480,7,400,263,217,139,1,-1,-1,-1
480,8,205,243,158,125,1,-1,-1,-1
480,9,148,216,78,72,1,-1,-1,-1
480,10,91,216,69,72,1,-1,-1,-1
481,2,674,294,116,56,1,-1,-1,-1
481,4,933,377,123,76,1,-1,-1,-1
481,6,325,272,65,61,1,-1,-1,-1
481,7,404,263,220,141,1,-1,-1,-1
481,8,207,244,160,126,1,-1,-1,-1
481,9,149,216,79,72,1,-1,-1,-1
481,10,91,217,70,72,1,-1,-1,-1
482,2,665,293,116,55,1,-1,-1,-1
482,4,929,376,123,76,1,-1,-1,-1
482,6,328,273,65,61,1,-1,-1,-1
482,7,408,264,224,142,1,-1,-1,-1
482,8,209,244,161,127,1,-1,-1,-1
482,9,150,216,79,73,1,-1,-1,-1
482,10,92,217,70,72,1,-1,-1,-1
483,2,658,292,114,54,1,-1,-1,-1
483,4,923,375,122,75,1,-1,-1,-1
483,6,332,274,65,61,1,-1,-1,-1
483,7,413,265,226,144,1,-1,-1,-1
483,8,210,244,163,128,1,-1,-1,-1
483,9,150,217,81,73,1,-1,-1,-1
483,10,92,217,70,73,1,-1,-1,-1
484,2,652,291,111,53,1,-1,-1,-1
484,4,917,374,122,74,1,-1,-1,-1
484,6,336,274,65,61,1,-1,-1,-1
484,7,417,265,230,146,1,-1,-1,-1
484,8,212,245,165,129,1,-1,-1,-1
484,9,151,217,81,73,1,-1,-1,-1
484,10,92,217,71,73,1,-1,-1,-1
485,2,645,290,109,52,1,-1,-1,-1
485,4,911,373,122,74,1,-1,-1,-1
485,6,339,275,65,61,1,-1,-1,-1
485,7,421,266,233,147,1,-1,-1,-1
485,8,214,245,166,130,1,-1,-1,-1
485,9,152,217,82,74,1,-1,-1,-1
485,10,93,217,71,73,1,-1,-1,-1
486,2,639,289,106,51,1,-1,-1,-1
486,4,905,372,122,73,1,-1,-1,-1
486,6,343,276,65,61,1,-1,-1,-1
486,7,426,267,236,149,1,-1,-1,-1
486,8,215,245,168,131,1,-1,-1,-1
486,9,153,217,82,74,1,-1,-1,-1
486,10,93,218,72,73,1,-1,-1,-1
487,2,632,288,104,50,1,-1,-1,-1
487,4,899,371,122,73,1,-1,-1,-1
487,6,347,277,65,61,1,-1,-1,-1
487,7,432,268,239,150,1,-1,-1,-1
487,8,217,246,170,132,1,-1,-1,-1
487,9,154,217,83,75,1,-1,-1,-1
487,10,93,218,73,73,1,-1,-1,-1
488,2,626,287,102,49,1,-1,-1,-1
488,4,893,370,122,72,1,-1,-1,-1
488,6,351,278,65,61,1,-1,-1,-1
488,7,438,269,243,152,1,-1,-1,-1
488,8,219,246,171,133,1,-1,-1,-1
488,9,155,217,83,76,1,-1,-1,-1
488,10,94,218,72,74,1,-1,-1,-1
489,2,620,285,100,47,1,-1,-1,-1
489,4,887,369,122,71,1,-1,-1,-1
489,6,355,279,66,61,1,-1,-1,-1
489,7,444,270,246,154,1,-1,-1,-1
489,8,221,247,173,134,1,-1,-1,-1
489,9,155,218,85,75,1,-1,-1,-1
489,10,94,218,73,74,1,-1,-1,-1
490,2,614,284,99,44,1,-1,-1,-1
490,4,881,369,122,70,1,-1,-1,-1
490,6,360,280,66,61,1,-1,-1,-1
490,7,451,271,249,155,1,-1,-1,-1
490,8,223,247,176,136,1,-1,-1,-1
490,9,156,218,85,76,1,-1,-1,-1
490,10,94,218,74,75,1,-1,-1,-1
491,2,608,283,97,41,1,-1,-1,-1
491,3,1180,377,99,70,1,-1,-1,-1
491,4,875,368,122,69,1,-1,-1,-1
491,6,364,281,67,61,1,-1,-1,-1
491,7,457,272,252,157,1,-1,-1,-1
491,8,225,248,179,137,1,-1,-1,-1
491,9,157,218,86,76,1,-1,-1,-1
491,10,95,219,74,74,1,-1,-1,-1
492,2,602,282,96,38,1,-1,-1,-1
492,3,1173,375,106,71,1,-1,-1,-1
492,4,869,367,122,69,1,-1,-1,-1
492,6,369,282,67,61,1,-1,-1,-1
492,7,463,273,256,159,1,-1,-1,-1
492,8,227,249,182,138,1,-1,-1,-1
492,9,158,218,86,77,1,-1,-1,-1
492,10,95,219,74,75,1,-1,-1,-1
493,2,597,281,94,36,1,-1,-1,-1
493,3,1166,373,113,72,1,-1,-1,-1
493,4,863,366,122,68,1,-1,-1,-1
493,6,373,283,68,61,1,-1,-1,-1
493,7,469,274,259,160,1,-1,-1,-1
493,8,229,249,185,140,1,-1,-1,-1
493,9,159,218,87,78,1,-1,-1,-1
493,10,95,219,75,75,1,-1,-1,-1
494,2,588,279,94,36,1,-1,-1,-1
494,3,1160,372,119,72,1,-1,-1,-1
494,4,857,365,122,67,1,-1,-1,-1
494,6,377,284,69,61,1,-1,-1,-1
494,7,476,275,262,162,1,-1,-1,-1
494,8,231,250,188,141,1,-1,-1,-1
494,9,160,218,87,78,1,-1,-1,-1
494,10,96,219,75,76,1,-1,-1,-1
495,2,580,278,94,36,1,-1,-1,-1
495,3,1153,370,123,73,1,-1,-1,-1
495,4,851,364,122,67,1,-1,-1,-1
495,6,382,285,69,61,1,-1,-1,-1
495,7,482,276,265,164,1,-1,-1,-1
495,8,234,251,191,142,1,-1,-1,-1
495,9,160,219,89,78,1,-1,-1,-1
495,10,96,219,76,76,1,-1,-1,-1
496,2,572,277,94,36,1,-1,-1,-1
496,3,1147,369,126,74,1,-1,-1,-1
496,4,845,363,122,66,1,-1,-1,-1
496,6,386,286,70,61,1,-1,-1,-1
496,7,488,277,269,165,1,-1,-1,-1
496,8,237,251,194,144,1,-1,-1,-1
496,9,161,219,89,78,1,-1,-1,-1
496,10,96,220,77,75,1,-1,-1,-1
497,2,564,276,94,36,1,-1,-1,-1
497,3,1141,368,129,75,1,-1,-1,-1
497,4,839,363,122,65,1,-1,-1,-1
497,6,391,288,70,60,1,-1,-1,-1
497,7,494,278,272,167,1,-1,-1,-1
497,8,240,252,197,145,1,-1,-1,-1
497,9,162,219,90,79,1,-1,-1,-1
497,10,97,220,76,76,1,-1,-1,-1
498,2,556,275,94,36,1,-1,-1,-1
498,3,1135,367,132,76,1,-1,-1,-1
498,4,834,361,119,65,1,-1,-1,-1
498,6,395,289,71,60,1,-1,-1,-1
498,7,501,279,275,169,1,-1,-1,-1
498,8,243,253,200,146,1,-1,-1,-1
498,9,163,219,90,80,1,-1,-1,-1
498,10,97,220,77,76,1,-1,-1,-1
499,2,548,274,94,36,1,-1,-1,-1
499,3,1129,366,136,77,1,-1,-1,-1
499,4,830,360,116,65,1,-1,-1,-1
499,6,399,290,72,60,1,-1,-1,-1
499,7,509,280,278,171,1,-1,-1,-1
499,8,246,253,203,148,1,-1,-1,-1
499,9,164,219,91,80,1,-1,-1,-1
499,10,97,220,78,77,1,-1,-1,-1
500,2,540,273,94,36,1,-1,-1,-1
500,3,1122,364,137,77,1,-1,-1,-1
500,4,826,359,113,64,1,-1,-1,-1
500,6,404,291,72,60,1,-1,-1,-1
500,7,517,282,281,172,1,-1,-1,-1
500,8,249,254,206,149,1,-1,-1,-1
500,9,165,219,91,81,1,-1,-1,-1
500,10,98,220,78,77,1,-1,-1,-1
501,2,532,272,94,36,1,-1,-1,-1
501,3,1115,362,138,77,1,-1,-1,-1
501,4,821,357,110,65,1,-1,-1,-1
501,6,408,292,73,60,1,-1,-1,-1
501,7,525,284,284,174,1,-1,-1,-1
501,8,252,255,209,150,1,-1,-1,-1
501,9,166,220,92,81,1,-1,-1,-1
501,10,98,221,78,77,1,-1,-1,-1
502,2,524,271,94,36,1,-1,-1,-1
502,3,1108,361,140,76,1,-1,-1,-1
502,4,817,356,107,64,1,-1,-1,-1
502,6,413,293,73,60,1,-1,-1,-1
502,7,533,285,287,176,1,-1,-1,-1
502,8,255,256,212,151,1,-1,-1,-1
502,9,167,220,93,81,1,-1,-1,-1
502,10,98,221,79,77,1,-1,-1,-1
503,2,516,270,94,36,1,-1,-1,-1
503,3,1101,359,141,77,1,-1,-1,-1
503,6,417,294,74,60,1,-1,-1,-1
503,7,541,287,290,177,1,-1,-1,-1
503,8,258,256,215,153,1,-1,-1,-1
503,9,169,220,94,82,1,-1,-1,-1
503,10,99,221,79,78,1,-1,-1,-1
504,2,508,269,94,36,1,-1,-1,-1
504,3,1094,358,143,76,1,-1,-1,-1
504,6,421,295,75,60,1,-1,-1,-1
504,7,549,289,294,179,1,-1,-1,-1
504,8,261,257,218,154,1,-1,-1,-1
504,9,170,220,96,82,1,-1,-1,-1
504,10,99,221,80,78,1,-1,-1,-1
505,2,501,267,93,37,1,-1,-1,-1
505,3,1087,356,144,76,1,-1,-1,-1
505,6,426,296,75,60,1,-1,-1,-1
505,7,557,290,297,181,1,-1,-1,-1
505,8,264,258,221,155,1,-1,-1,-1
505,9,172,220,97,83,1,-1,-1,-1
505,10,100,222,80,78,1,-1,-1,-1
506,2,495,266,91,38,1,-1,-1,-1
506,3,1080,355,146,76,1,-1,-1,-1
506,6,430,297,76,60,1,-1,-1,-1
506,7,565,292,300,182,1,-1,-1,-1
506,8,267,258,225,157,1,-1,-1,-1
506,9,173,220,99,83,1,-1,-1,-1
506,10,100,222,81,78,1,-1,-1,-1
507,2,488,265,90,38,1,-1,-1,-1
507,3,1072,352,146,76,1,-1,-1,-1
507,6,435,299,76,59,1,-1,-1,-1
507,7,573,294,303,184,1,-1,-1,-1
507,8,270,259,228,158,1,-1,-1,-1
507,9,175,221,100,83,1,-1,-1,-1
507,10,101,222,81,79,1,-1,-1,-1
508,2,482,264,88,39,1,-1,-1,-1
508,3,1065,350,146,76,1,-1,-1,-1
508,6,441,301,76,59,1,-1,-1,-1
508,7,581,295,306,186,1,-1,-1,-1
508,8,273,260,231,159,1,-1,-1,-1
508,9,176,221,102,84,1,-1,-1,-1
508,10,101,222,83,79,1,-1,-1,-1
509,2,476,263,87,40,1,-1,-1,-1
509,3,1058,348,146,76,1,-1,-1,-1
509,6,448,303,76,59,1,-1,-1,-1
509,7,589,297,309,187,1,-1,-1,-1
509,8,276,261,234,160,1,-1,-1,-1
509,9,178,221,103,84,1,-1,-1,-1
509,10,102,222,83,80,1,-1,-1,-1
510,2,470,262,86,39,1,-1,-1,-1
510,3,1051,346,146,76,1,-1,-1,-1
510,6,454,305,76,59,1,-1,-1,-1
510,7,597,299,313,189,1,-1,-1,-1
510,8,279,261,237,162,1,-1,-1,-1
510,9,179,221,104,85,1,-1,-1,-1
510,10,103,223,83,80,1,-1,-1,-1
511,2,465,261,84,39,1,-1,-1,-1
511,3,1044,344,146,76,1,-1,-1,-1
511,6,461,307,76,59,1,-1,-1,-1
511,7,607,300,315,191,1,-1,-1,-1
511,8,282,262,240,163,1,-1,-1,-1
511,9,181,221,105,85,1,-1,-1,-1
511,10,103,223,85,80,1,-1,-1,-1
512,2,460,260,82,39,1,-1,-1,-1
512,3,1037,342,146,76,1,-1,-1,-1
512,6,468,309,76,59,1,-1,-1,-1
512,7,617,301,318,194,1,-1,-1,-1
512,8,285,263,243,164,1,-1,-1,-1
512,9,182,221,107,86,1,-1,-1,-1
512,10,104,223,85,81,1,-1,-1,-1
513,2,455,259,80,39,1,-1,-1,-1
513,3,1030,340,146,76,1,-1,-1,-1
513,6,474,311,76,59,1,-1,-1,-1
513,7,627,303,321,196,1,-1,-1,-1
513,8,288,263,246,166,1,-1,-1,-1
513,9,184,222,108,86,1,-1,-1,-1
513,10,104,223,87,81,1,-1,-1,-1
514,2,449,258,79,39,1,-1,-1,-1
514,3,1023,338,146,76,1,-1,-1,-1
514,6,481,313,76,59,1,-1,-1,-1
514,7,637,304,324,199,1,-1,-1,-1
514,8,291,264,249,167,1,-1,-1,-1
514,9,185,222,110,86,1,-1,-1,-1
514,10,105,223,87,82,1,-1,-1,-1
515,2,444,257,77,39,1,-1,-1,-1
515,3,1016,336,146,76,1,-1,-1,-1
515,6,488,315,76,59,1,-1,-1,-1
515,7,647,306,327,201,1,-1,-1,-1
515,8,294,265,252,168,1,-1,-1,-1
515,9,187,222,111,87,1,-1,-1,-1
515,10,106,224,87,82,1,-1,-1,-1
516,2,439,256,75,39,1,-1,-1,-1
516,3,1009,334,146,76,1,-1,-1,-1
516,6,493,316,79,60,1,-1,-1,-1
516,7,658,308,329,203,1,-1,-1,-1
516,8,298,266,255,170,1,-1,-1,-1
516,9,188,222,113,87,1,-1,-1,-1
516,10,106,224,89,82,1,-1,-1,-1
517,2,434,255,73,39,1,-1,-1,-1
517,3,1003,332,145,75,1,-1,-1,-1
517,6,499,317,81,62,1,-1,-1,-1
517,7,669,310,331,205,1,-1,-1,-1
517,8,302,267,259,173,1,-1,-1,-1
517,9,190,222,114,88,1,-1,-1,-1
517,10,107,224,89,83,1,-1,-1,-1
518,2,428,254,73,38,1,-1,-1,-1
518,3,998,331,144,74,1,-1,-1,-1
518,6,504,319,84,63,1,-1,-1,-1
518,7,680,312,334,207,1,-1,-1,-1
518,8,306,268,263,176,1,-1,-1,-1
518,9,191,222,115,88,1,-1,-1,-1
518,10,108,224,89,84,1,-1,-1,-1
519,2,423,253,72,38,1,-1,-1,-1
519,3,992,330,144,72,1,-1,-1,-1
519,6,510,320,86,64,1,-1,-1,-1
519,7,691,315,336,208,1,-1,-1,-1
519,8,310,269,268,179,1,-1,-1,-1
519,9,193,223,116,88,1,-1,-1,-1
519,10,108,224,91,84,1,-1,-1,-1
520,2,418,252,71,38,1,-1,-1,-1
520,3,987,329,143,71,1,-1,-1,-1
520,6,516,322,88,65,1,-1,-1,-1
520,7,702,317,339,210,1,-1,-1,-1
520,8,314,270,272,183,1,-1,-1,-1
520,9,194,223,118,89,1,-1,-1,-1
520,10,109,225,91,84,1,-1,-1,-1
521,2,413,251,70,38,1,-1,-1,-1
521,3,981,327,142,70,1,-1,-1,-1
521,6,521,323,91,67,1,-1,-1,-1
521,7,713,319,341,212,1,-1,-1,-1
521,8,319,271,276,186,1,-1,-1,-1
521,9,196,223,119,89,1,-1,-1,-1
521,10,109,225,93,84,1,-1,-1,-1
522,2,408,250,69,38,1,-1,-1,-1
522,3,976,326,141,69,1,-1,-1,-1
522,6,527,324,93,68,1,-1,-1,-1
522,7,724,322,343,213,1,-1,-1,-1
522,8,323,272,280,189,1,-1,-1,-1
522,9,197,223,121,90,1,-1,-1,-1
522,10,110,225,93,85,1,-1,-1,-1
523,2,402,249,69,38,1,-1,-1,-1
523,3,970,325,141,67,1,-1,-1,-1
523,6,532,326,96,69,1,-1,-1,-1
523,7,735,324,346,215,1,-1,-1,-1
523,8,327,273,284,193,1,-1,-1,-1
523,9,199,223,122,90,1,-1,-1,-1
523,10,111,225,93,86,1,-1,-1,-1
524,2,397,248,68,38,1,-1,-1,-1
524,3,965,324,140,66,1,-1,-1,-1
524,6,538,327,98,71,1,-1,-1,-1
524,7,746,326,348,217,1,-1,-1,-1
524,8,331,274,289,196,1,-1,-1,-1
524,9,200,223,124,91,1,-1,-1,-1
524,10,111,225,95,86,1,-1,-1,-1
525,2,392,247,67,38,1,-1,-1,-1
525,3,960,322,138,66,1,-1,-1,-1
525,4,678,326,92,58,1,-1,-1,-1
525,7,758,329,350,219,1,-1,-1,-1
525,8,335,275,293,199,1,-1,-1,-1
525,9,202,224,125,91,1,-1,-1,-1
525,10,112,226,95,86,1,-1,-1,-1
526,2,387,246,66,38,1,-1,-1,-1
526,3,956,320,135,66,1,-1,-1,-1
526,4,672,325,93,57,1,-1,-1,-1
526,7,770,331,350,221,1,-1,-1,-1
526,8,340,277,297,202,1,-1,-1,-1
526,9,204,224,126,92,1,-1,-1,-1
526,10,113,226,95,87,1,-1,-1,-1
527,2,382,245,66,38,1,-1,-1,-1
527,3,952,318,132,66,1,-1,-1,-1
527,4,666,324,94,57,1,-1,-1,-1
527,7,783,333,349,223,1,-1,-1,-1
527,8,345,278,303,205,1,-1,-1,-1
527,9,206,224,128,93,1,-1,-1,-1
527,10,113,226,97,87,1,-1,-1,-1
528,2,377,244,65,38,1,-1,-1,-1
528,3,948,317,129,65,1,-1,-1,-1
528,4,661,323,94,57,1,-1,-1,-1
528,7,795,335,350,225,1,-1,-1,-1
528,8,351,279,308,209,1,-1,-1,-1
528,9,208,225,130,93,1,-1,-1,-1
528,10,114,226,97,88,1,-1,-1,-1
529,2,372,243,65,38,1,-1,-1,-1
529,3,944,315,126,66,1,-1,-1,-1
529,4,655,322,95,57,1,-1,-1,-1
529,7,808,337,349,228,1,-1,-1,-1
529,8,357,280,314,212,1,-1,-1,-1
529,9,210,225,132,94,1,-1,-1,-1
529,10,114,226,99,88,1,-1,-1,-1
530,2,367,242,64,38,1,-1,-1,-1
530,3,940,313,123,66,1,-1,-1,-1
530,4,650,321,95,57,1,-1,-1,-1
530,7,820,339,350,230,1,-1,-1,-1
530,8,363,282,319,215,1,-1,-1,-1
530,9,213,226,133,95,1,-1,-1,-1
530,10,115,227,99,88,1,-1,-1,-1
531,2,363,242,63,37,1,-1,-1,-1
531,3,936,312,120,65,1,-1,-1,-1
531,4,644,319,95,55,1,-1,-1,-1
531,7,833,341,349,232,1,-1,-1,-1
531,8,368,283,325,218,1,-1,-1,-1
531,9,215,226,135,96,1,-1,-1,-1
531,10,116,227,99,89,1,-1,-1,-1
532,2,358,241,62,37,1,-1,-1,-1
532,3,932,310,117,65,1,-1,-1,-1
532,4,639,318,94,52,1,-1,-1,-1
532,7,846,343,349,235,1,-1,-1,-1
532,8,374,284,331,222,1,-1,-1,-1
532,9,217,227,137,96,1,-1,-1,-1
532,10,116,227,101,89,1,-1,-1,-1
533,2,353,240,62,37,1,-1,-1,-1
533,3,928,308,114,65,1,-1,-1,-1
533,4,634,317,94,49,1,-1,-1,-1
533,7,859,345,348,235,1,-1,-1,-1
533,8,380,285,336,225,1,-1,-1,-1
533,9,219,227,139,97,1,-1,-1,-1
533,10,117,227,101,90,1,-1,-1,-1
534,3,924,307,112,65,1,-1,-1,-1
534,4,629,316,93,46,1,-1,-1,-1
534,7,872,348,347,234,1,-1,-1,-1
534,8,386,287,341,228,1,-1,-1,-1
534,9,222,228,140,98,1,-1,-1,-1
534,10,118,227,101,91,1,-1,-1,-1
535,3,917,305,112,65,1,-1,-1,-1
535,4,624,315,93,44,1,-1,-1,-1
535,7,885,350,346,235,1,-1,-1,-1
535,8,391,288,348,231,1,-1,-1,-1
535,9,224,228,142,99,1,-1,-1,-1
535,10,118,228,103,90,1,-1,-1,-1
536,3,911,303,112,65,1,-1,-1,-1
536,4,619,314,92,41,1,-1,-1,-1
536,7,899,353,344,234,1,-1,-1,-1
536,8,397,289,353,235,1,-1,-1,-1
536,9,226,229,144,99,1,-1,-1,-1
536,10,119,228,103,91,1,-1,-1,-1
537,3,905,301,112,65,1,-1,-1,-1
537,4,614,313,92,38,1,-1,-1,-1
537,7,912,355,343,235,1,-1,-1,-1
537,8,403,290,358,238,1,-1,-1,-1
537,9,228,229,146,100,1,-1,-1,-1
537,10,119,228,105,91,1,-1,-1,-1
538,3,899,299,112,65,1,-1,-1,-1
538,4,609,312,91,35,1,-1,-1,-1
538,7,925,358,342,234,1,-1,-1,-1
538,8,409,292,364,241,1,-1,-1,-1
538,9,231,230,147,101,1,-1,-1,-1
538,10,120,228,105,92,1,-1,-1,-1
539,3,893,298,112,65,1,-1,-1,-1
539,4,604,311,91,33,1,-1,-1,-1
539,7,939,361,340,234,1,-1,-1,-1
539,8,416,293,369,244,1,-1,-1,-1
539,9,233,230,148,102,1,-1,-1,-1
539,10,121,228,105,93,1,-1,-1,-1
540,3,887,296,112,65,1,-1,-1,-1
540,4,598,309,91,34,1,-1,-1,-1
540,7,953,363,325,231,1,-1,-1,-1
540,8,423,295,375,247,1,-1,-1,-1
540,9,235,231,150,102,1,-1,-1,-1
540,10,121,229,107,92,1,-1,-1,-1
541,3,881,294,112,65,1,-1,-1,-1
541,4,593,308,90,35,1,-1,-1,-1
541,7,967,365,311,229,1,-1,-1,-1
541,8,430,296,380,251,1,-1,-1,-1
541,9,237,231,152,104,1,-1,-1,-1
541,10,122,229,107,93,1,-1,-1,-1
542,3,875,292,112,65,1,-1,-1,-1
542,4,587,307,91,36,1,-1,-1,-1
542,7,982,367,296,227,1,-1,-1,-1
542,8,437,298,386,254,1,-1,-1,-1
542,9,239,232,154,104,1,-1,-1,-1
542,10,123,229,107,94,1,-1,-1,-1
543,3,869,291,112,65,1,-1,-1,-1
543,4,582,306,90,37,1,-1,-1,-1
543,7,996,369,282,225,1,-1,-1,-1
543,8,444,300,392,257,1,-1,-1,-1
543,9,242,233,155,105,1,-1,-1,-1
543,10,123,229,109,94,1,-1,-1,-1
544,3,865,289,110,64,1,-1,-1,-1
544,4,576,305,91,38,1,-1,-1,-1
544,7,1010,371,268,223,1,-1,-1,-1
544,8,452,301,397,260,1,-1,-1,-1
544,9,244,233,157,106,1,-1,-1,-1
544,10,124,229,109,95,1,-1,-1,-1
545,3,862,288,107,62,1,-1,-1,-1
545,4,571,304,90,39,1,-1,-1,-1
545,7,1025,374,253,220,1,-1,-1,-1
545,8,461,302,402,263,1,-1,-1,-1
545,9,246,234,159,106,1,-1,-1,-1
545,10,124,230,111,94,1,-1,-1,-1
546,3,859,286,105,62,1,-1,-1,-1
546,4,565,303,91,40,1,-1,-1,-1
546,7,1038,377,240,216,1,-1,-1,-1
546,8,470,304,407,265,1,-1,-1,-1
546,9,248,234,161,108,1,-1,-1,-1
546,10,125,230,111,95,1,-1,-1,-1
547,3,856,285,102,60,1,-1,-1,-1
547,4,560,302,90,41,1,-1,-1,-1
547,7,1052,380,226,213,1,-1,-1,-1
547,8,478,305,413,268,1,-1,-1,-1
547,9,250,235,163,108,1,-1,-1,-1
547,10,126,230,111,96,1,-1,-1,-1
548,3,853,284,99,58,1,-1,-1,-1
548,4,554,301,90,42,1,-1,-1,-1
548,7,1066,383,212,210,1,-1,-1,-1
548,8,487,307,417,271,1,-1,-1,-1
548,9,253,236,164,109,1,-1,-1,-1
548,10,126,230,113,96,1,-1,-1,-1
549,3,849,282,98,58,1,-1,-1,-1
549,4,549,300,90,43,1,-1,-1,-1
549,7,1080,386,198,207,1,-1,-1,-1
549,8,496,308,422,274,1,-1,-1,-1
549,9,256,236,166,110,1,-1,-1,-1
549,10,127,230,113,97,1,-1,-1,-1
550,3,846,281,95,56,1,-1,-1,-1
550,4,543,299,90,44,1,-1,-1,-1
550,7,1093,389,185,203,1,-1,-1,-1
550,8,504,310,428,276,1,-1,-1,-1
550,9,259,237,168,111,1,-1,-1,-1
550,10,128,231,114,97,1,-1,-1,-1
551,3,843,280,92,54,1,-1,-1,-1
551,4,538,298,90,45,1,-1,-1,-1
551,7,1107,392,171,200,1,-1,-1,-1
551,8,513,311,433,279,1,-1,-1,-1
551,9,262,237,171,113,1,-1,-1,-1
551,10,129,231,115,97,1,-1,-1,-1
552,3,840,278,90,54,1,-1,-1,-1
552,4,532,297,90,46,1,-1,-1,-1
552,7,1121,395,157,197,1,-1,-1,-1
552,8,522,313,438,282,1,-1,-1,-1
552,9,265,238,173,113,1,-1,-1,-1
552,10,131,231,115,98,1,-1,-1,-1
553,3,837,277,87,52,1,-1,-1,-1
553,4,527,296,90,47,1,-1,-1,-1
553,7,1135,398,144,194,1,-1,-1,-1
553,8,532,316,443,283,1,-1,-1,-1
553,9,269,239,175,114,1,-1,-1,-1
553,10,132,231,116,99,1,-1,-1,-1
554,3,834,276,85,51,1,-1,-1,-1
554,4,521,295,90,48,1,-1,-1,-1
554,7,1148,401,130,190,1,-1,-1,-1
554,8,542,319,449,284,1,-1,-1,-1
554,9,272,239,177,116,1,-1,-1,-1
554,10,134,232,117,99,1,-1,-1,-1
555,3,831,274,85,51,1,-1,-1,-1
555,4,516,294,90,49,1,-1,-1,-1
555,7,1162,405,116,186,1,-1,-1,-1
555,8,552,322,455,285,1,-1,-1,-1
555,9,275,240,179,116,1,-1,-1,-1
555,10,134,232,119,100,1,-1,-1,-1
556,3,829,272,84,52,1,-1,-1,-1
556,4,513,292,87,49,1,-1,-1,-1
556,7,1176,409,102,182,1,-1,-1,-1
556,8,563,325,460,286,1,-1,-1,-1
556,9,278,240,182,118,1,-1,-1,-1
556,10,135,232,121,101,1,-1,-1,-1
557,3,826,271,85,52,1,-1,-1,-1
557,4,511,291,84,49,1,-1,-1,-1
557,7,1190,413,88,178,1,-1,-1,-1
557,8,573,328,466,288,1,-1,-1,-1
557,9,281,241,184,119,1,-1,-1,-1
557,10,136,233,122,101,1,-1,-1,-1
558,3,824,269,84,52,1,-1,-1,-1
558,4,508,290,82,48,1,-1,-1,-1
558,7,1204,417,74,174,1,-1,-1,-1
558,8,583,331,472,289,1,-1,-1,-1
558,9,285,242,186,119,1,-1,-1,-1
558,10,137,233,124,102,1,-1,-1,-1
559,3,821,268,84,52,1,-1,-1,-1
559,4,506,289,78,48,1,-1,-1,-1
559,8,594,334,477,290,1,-1,-1,-1
559,9,288,242,188,121,1,-1,-1,-1
559,10,138,233,125,103,1,-1,-1,-1
560,2,260,225,45,30,1,-1,-1,-1
560,3,819,266,84,53,1,-1,-1,-1
560,4,504,288,75,48,1,-1,-1,-1
560,8,604,337,483,291,1,-1,-1,-1
560,9,291,243,190,122,1,-1,-1,-1
560,10,139,234,127,103,1,-1,-1,-1
561,2,257,224,45,30,1,-1,-1,-1
561,3,816,264,84,53,1,-1,-1,-1
561,4,501,287,73,47,1,-1,-1,-1
561,8,614,340,489,292,1,-1,-1,-1
561,9,294,243,193,123,1,-1,-1,-1
561,10,140,234,128,104,1,-1,-1,-1
562,2,255,223,45,30,1,-1,-1,-1
562,3,814,263,83,53,1,-1,-1,-1
562,4,499,286,70,47,1,-1,-1,-1
562,8,625,343,494,294,1,-1,-1,-1
562,9,297,244,195,124,1,-1,-1,-1
562,10,141,234,130,105,1,-1,-1,-1
563,2,253,223,44,30,1,-1,-1,-1
563,3,811,261,84,54,1,-1,-1,-1
563,4,497,285,66,47,1,-1,-1,-1
563,8,638,346,497,295,1,-1,-1,-1
563,9,301,245,197,125,1,-1,-1,-1
563,10,142,235,131,105,1,-1,-1,-1
564,2,251,222,44,30,1,-1,-1,-1
564,3,809,260,83,53,1,-1,-1,-1
564,4,494,284,64,46,1,-1,-1,-1
564,8,651,349,500,297,1,-1,-1,-1
564,9,305,245,199,127,1,-1,-1,-1
564,10,143,235,133,106,1,-1,-1,-1
565,2,249,222,43,29,1,-1,-1,-1
565,3,806,258,83,54,1,-1,-1,-1
565,4,492,283,61,46,1,-1,-1,-1
565,8,664,352,503,298,1,-1,-1,-1
565,9,309,246,202,128,1,-1,-1,-1
565,10,143,235,136,107,1,-1,-1,-1
566,2,247,221,43,30,1,-1,-1,-1
566,3,804,257,83,54,1,-1,-1,-1
566,8,677,355,506,300,1,-1,-1,-1
566,9,313,247,205,129,1,-1,-1,-1
566,10,144,236,137,107,1,-1,-1,-1
567,2,244,221,44,29,1,-1,-1,-1
567,3,803,255,80,54,1,-1,-1,-1
567,8,691,358,508,301,1,-1,-1,-1
567,9,317,248,208,130,1,-1,-1,-1
567,10,145,236,139,108,1,-1,-1,-1
568,2,242,220,43,29,1,-1,-1,-1
568,3,802,254,78,53,1,-1,-1,-1
568,8,704,361,511,303,1,-1,-1,-1
568,9,321,249,211,131,1,-1,-1,-1
568,10,146,236,140,109,1,-1,-1,-1
569,2,240,220,43,29,1,-1,-1,-1
569,3,801,253,76,52,1,-1,-1,-1
569,8,717,364,514,304,1,-1,-1,-1
569,9,325,249,213,132,1,-1,-1,-1
569,10,147,237,142,109,1,-1,-1,-1
570,2,238,219,42,29,1,-1,-1,-1
570,3,800,252,74,51,1,-1,-1,-1
570,8,730,367,517,306,1,-1,-1,-1
570,9,329,250,216,133,1,-1,-1,-1
570,10,148,237,143,110,1,-1,-1,-1
571,2,236,219,42,28,1,-1,-1,-1
571,3,800,251,71,50,1,-1,-1,-1
571,8,743,370,520,307,1,-1,-1,-1
571,9,333,251,219,134,1,-1,-1,-1
571,10,149,237,145,111,1,-1,-1,-1
572,2,234,218,41,29,1,-1,-1,-1
572,3,799,250,69,49,1,-1,-1,-1
572,8,757,374,522,308,1,-1,-1,-1
572,9,337,252,222,135,1,-1,-1,-1
572,10,150,238,146,111,1,-1,-1,-1
573,2,232,218,41,28,1,-1,-1,-1
573,3,798,249,67,48,1,-1,-1,-1
573,8,769,375,509,306,1,-1,-1,-1
573,9,341,253,225,136,1,-1,-1,-1
573,10,151,238,148,112,1,-1,-1,-1
574,2,229,217,42,28,1,-1,-1,-1
574,3,797,248,65,47,1,-1,-1,-1
574,8,782,376,496,305,1,-1,-1,-1
574,9,345,254,228,137,1,-1,-1,-1
574,10,152,239,150,113,1,-1,-1,-1
575,2,227,216,41,29,1,-1,-1,-1
575,3,797,247,62,47,1,-1,-1,-1
575,8,794,377,484,303,1,-1,-1,-1
575,9,349,255,231,138,1,-1,-1,-1
575,10,153,239,152,114,1,-1,-1,-1
576,2,225,216,41,28,1,-1,-1,-1
576,3,797,245,60,47,1,-1,-1,-1
576,8,807,379,471,301,1,-1,-1,-1
576,9,353,256,234,139,1,-1,-1,-1
576,10,155,239,153,115,1,-1,-1,-1
577,2,223,215,40,28,1,-1,-1,-1
577,3,797,244,59,47,1,-1,-1,-1
577,8,824,380,454,300,1,-1,-1,-1
577,9,357,256,237,141,1,-1,-1,-1
577,10,156,240,155,115,1,-1,-1,-1
578,2,221,215,40,28,1,-1,-1,-1
578,3,797,243,58,47,1,-1,-1,-1
578,8,841,382,437,298,1,-1,-1,-1
578,9,361,257,240,142,1,-1,-1,-1
578,10,158,240,156,116,1,-1,-1,-1
579,2,219,214,39,28,1,-1,-1,-1
579,3,797,242,56,46,1,-1,-1,-1
579,8,858,383,420,297,1,-1,-1,-1
579,9,365,258,243,143,1,-1,-1,-1
579,10,159,240,158,117,1,-1,-1,-1
580,2,216,214,40,27,1,-1,-1,-1
580,3,798,241,54,46,1,-1,-1,-1
580,8,875,385,403,295,1,-1,-1,-1
580,9,369,259,246,144,1,-1,-1,-1
580,10,161,241,159,117,1,-1,-1,-1
581,2,214,213,40,28,1,-1,-1,-1
581,3,798,240,53,46,1,-1,-1,-1
581,8,892,386,386,294,1,-1,-1,-1
581,9,373,260,249,145,1,-1,-1,-1
581,10,162,241,161,118,1,-1,-1,-1
582,2,212,213,39,27,1,-1,-1,-1
582,3,798,239,52,46,1,-1,-1,-1
582,8,909,388,369,293,1,-1,-1,-1
582,9,377,261,252,146,1,-1,-1,-1
582,10,164,242,163,118,1,-1,-1,-1
583,2,210,212,39,27,1,-1,-1,-1
583,3,798,237,50,46,1,-1,-1,-1
583,8,922,392,355,288,1,-1,-1,-1
583,9,381,262,255,147,1,-1,-1,-1
583,10,165,242,165,119,1,-1,-1,-1
584,2,208,212,38,27,1,-1,-1,-1
584,3,798,236,49,46,1,-1,-1,-1
584,8,936,396,341,284,1,-1,-1,-1
584,9,386,263,257,148,1,-1,-1,-1
584,10,167,242,166,120,1,-1,-1,-1
585,2,206,211,38,27,1,-1,-1,-1
585,3,799,235,47,46,1,-1,-1,-1
585,8,949,401,328,279,1,-1,-1,-1
585,9,391,264,261,150,1,-1,-1,-1
585,10,168,243,168,120,1,-1,-1,-1
586,2,204,211,38,27,1,-1,-1,-1
586,3,799,234,45,45,1,-1,-1,-1
586,8,963,405,314,275,1,-1,-1,-1
586,9,397,265,265,152,1,-1,-1,-1
586,10,170,243,169,121,1,-1,-1,-1
587,2,202,210,38,27,1,-1,-1,-1
587,3,799,233,44,45,1,-1,-1,-1
587,8,977,410,300,270,1,-1,-1,-1
587,9,403,266,268,154,1,-1,-1,-1
587,10,172,243,170,122,1,-1,-1,-1
588,2,201,210,37,27,1,-1,-1,-1
588,3,799,232,43,45,1,-1,-1,-1
588,8,994,413,282,266,1,-1,-1,-1
588,9,408,267,273,156,1,-1,-1,-1
588,10,173,244,172,122,1,-1,-1,-1
589,2,199,210,37,26,1,-1,-1,-1
589,3,800,231,41,45,1,-1,-1,-1
589,8,1011,417,265,262,1,-1,-1,-1
589,9,414,268,276,158,1,-1,-1,-1
589,10,175,244,173,123,1,-1,-1,-1
590,2,198,209,37,27,1,-1,-1,-1
590,3,800,230,41,44,1,-1,-1,-1
590,8,1028,421,248,258,1,-1,-1,-1
590,9,420,269,280,161,1,-1,-1,-1
590,10,176,245,176,123,1,-1,-1,-1
591,2,197,209,36,27,1,-1,-1,-1
591,3,801,229,41,44,1,-1,-1,-1
591,8,1045,425,231,254,1,-1,-1,-1
591,9,425,270,284,163,1,-1,-1,-1
591,10,178,245,177,124,1,-1,-1,-1
592,2,195,209,36,26,1,-1,-1,-1
592,3,801,228,42,43,1,-1,-1,-1
592,8,1063,429,213,250,1,-1,-1,-1
592,9,431,272,288,164,1,-1,-1,-1
592,10,179,245,179,125,1,-1,-1,-1
593,2,194,208,36,27,1,-1,-1,-1
593,3,802,227,42,43,1,-1,-1,-1
593,4,381,265,65,42,1,-1,-1,-1
593,8,1080,433,196,246,1,-1,-1,-1
593,9,437,273,291,166,1,-1,-1,-1
593,10,181,246,180,125,1,-1,-1,-1
594,2,193,208,35,27,1,-1,-1,-1
594,3,802,226,42,42,1,-1,-1,-1
594,4,378,264,64,42,1,-1,-1,-1
594,8,1097,437,179,242,1,-1,-1,-1
594,9,442,274,296,168,1,-1,-1,-1
594,10,182,246,182,126,1,-1,-1,-1
595,2,191,208,35,26,1,-1,-1,-1
595,3,803,226,42,41,1,-1,-1,-1
595,4,375,263,63,42,1,-1,-1,-1
595,8,1114,441,162,238,1,-1,-1,-1
595,9,448,275,299,171,1,-1,-1,-1
595,10,184,246,183,127,1,-1,-1,-1
596,2,190,207,34,27,1,-1,-1,-1
596,3,803,225,43,41,1,-1,-1,-1
596,4,372,263,62,41,1,-1,-1,-1
596,8,1132,445,144,234,1,-1,-1,-1
596,9,454,276,303,173,1,-1,-1,-1
596,10,185,247,185,127,1,-1,-1,-1
597,2,188,207,35,26,1,-1,-1,-1
597,3,804,224,43,40,1,-1,-1,-1
597,4,369,262,62,42,1,-1,-1,-1
597,8,1148,449,128,229,1,-1,-1,-1
597,9,459,277,307,175,1,-1,-1,-1
597,10,187,247,186,128,1,-1,-1,-1
598,2,187,207,34,26,1,-1,-1,-1
598,3,804,223,43,40,1,-1,-1,-1
598,4,366,262,61,41,1,-1,-1,-1
598,8,1164,453,112,225,1,-1,-1,-1
598,9,465,278,311,177,1,-1,-1,-1
598,10,189,248,188,129,1,-1,-1,-1
599,2,186,206,33,27,1,-1,-1,-1
599,3,805,222,43,39,1,-1,-1,-1
599,4,363,261,60,41,1,-1,-1,-1
599,8,1181,457,96,220,1,-1,-1,-1
599,9,471,279,314,179,1,-1,-1,-1
599,10,191,248,191,131,1,-1,-1,-1
600,2,184,206,34,26,1,-1,-1,-1
600,3,805,221,44,39,1,-1,-1,-1
600,4,360,260,60,42,1,-1,-1,-1
600,8,1197,461,80,216,1,-1,-1,-1
600,9,477,281,318,181,1,-1,-1,-1
600,10,193,249,194,132,1,-1,-1,-1
601,2,183,206,33,26,1,-1,-1,-1
601,3,806,221,44,38,1,-1,-1,-1
601,4,357,260,59,41,1,-1,-1,-1
601,9,484,282,322,183,1,-1,-1,-1
601,10,195,249,197,134,1,-1,-1,-1
602,2,182,205,32,27,1,-1,-1,-1
602,3,807,220,45,38,1,-1,-1,-1
602,4,354,259,58,41,1,-1,-1,-1
602,9,491,283,327,186,1,-1,-1,-1
602,10,197,250,200,135,1,-1,-1,-1
603,2,180,205,32,26,1,-1,-1,-1
603,3,808,219,46,38,1,-1,-1,-1
603,4,352,259,57,41,1,-1,-1,-1
603,9,499,284,330,188,1,-1,-1,-1
603,10,199,250,203,137,1,-1,-1,-1
604,2,179,205,32,26,1,-1,-1,-1
604,3,810,219,46,37,1,-1,-1,-1
604,4,349,258,57,40,1,-1,-1,-1
604,9,506,285,335,191,1,-1,-1,-1
604,10,201,251,206,138,1,-1,-1,-1
605,2,177,204,32,26,1,-1,-1,-1
605,3,811,218,47,37,1,-1,-1,-1
605,4,346,258,57,39,1,-1,-1,-1
605,9,514,287,339,192,1,-1,-1,-1
605,10,203,251,209,140,1,-1,-1,-1
606,2,176,204,31,26,1,-1,-1,-1
606,3,813,217,47,38,1,-1,-1,-1
606,4,343,257,57,39,1,-1,-1,-1
606,9,521,288,343,195,1,-1,-1,-1
606,10,205,252,212,141,1,-1,-1,-1
607,2,175,204,31,26,1,-1,-1,-1
607,3,814,217,48,37,1,-1,-1,-1
607,4,340,257,57,38,1,-1,-1,-1
607,9,528,289,348,197,1,-1,-1,-1
607,10,207,252,215,143,1,-1,-1,-1
608,2,173,203,31,26,1,-1,-1,-1
608,3,816,216,48,37,1,-1,-1,-1
608,4,337,257,57,37,1,-1,-1,-1
608,9,536,290,351,200,1,-1,-1,-1
608,10,209,253,218,144,1,-1,-1,-1
609,2,172,203,30,26,1,-1,-1,-1
609,3,817,215,49,37,1,-1,-1,-1
609,4,334,256,57,37,1,-1,-1,-1
609,9,543,291,356,202,1,-1,-1,-1
609,10,211,253,221,146,1,-1,-1,-1
610,3,819,215,50,37,1,-1,-1,-1
610,4,331,256,57,36,1,-1,-1,-1
610,9,551,293,360,204,1,-1,-1,-1
610,10,213,254,224,147,1,-1,-1,-1
611,3,820,214,50,37,1,-1,-1,-1
611,4,328,256,57,35,1,-1,-1,-1
611,9,560,295,364,205,1,-1,-1,-1
611,10,215,254,227,149,1,-1,-1,-1
612,3,822,213,50,37,1,-1,-1,-1
612,4,325,255,57,35,1,-1,-1,-1
612,9,570,297,367,207,1,-1,-1,-1
612,10,217,255,230,150,1,-1,-1,-1
613,3,823,213,51,37,1,-1,-1,-1
613,4,322,255,57,34,1,-1,-1,-1
613,9,579,299,371,209,1,-1,-1,-1
613,10,219,255,233,152,1,-1,-1,-1
614,3,825,212,50,37,1,-1,-1,-1
614,4,320,255,56,33,1,-1,-1,-1
614,9,589,302,374,209,1,-1,-1,-1
614,10,221,256,236,153,1,-1,-1,-1
615,3,826,212,51,36,1,-1,-1,-1
615,4,317,254,56,33,1,-1,-1,-1
615,9,598,304,378,211,1,-1,-1,-1
615,10,223,256,239,155,1,-1,-1,-1
616,3,828,211,51,37,1,-1,-1,-1
616,4,315,253,55,33,1,-1,-1,-1
616,9,608,306,381,213,1,-1,-1,-1
616,10,225,257,243,156,1,-1,-1,-1
617,3,829,210,52,37,1,-1,-1,-1
617,4,313,253,55,32,1,-1,-1,-1
617,9,618,308,384,214,1,-1,-1,-1
617,10,227,257,246,158,1,-1,-1,-1
618,3,831,210,51,36,1,-1,-1,-1
618,4,311,252,54,32,1,-1,-1,-1
618,9,627,311,388,215,1,-1,-1,-1
618,10,230,258,249,159,1,-1,-1,-1
619,3,832,209,52,37,1,-1,-1,-1
619,4,309,252,54,32,1,-1,-1,-1
619,9,637,313,391,217,1,-1,-1,-1
619,10,232,259,252,160,1,-1,-1,-1
620,3,834,209,52,36,1,-1,-1,-1
620,4,306,251,54,32,1,-1,-1,-1
620,9,646,315,395,218,1,-1,-1,-1
620,10,235,260,255,162,1,-1,-1,-1
621,3,835,208,53,37,1,-1,-1,-1
621,4,304,250,53,32,1,-1,-1,-1
621,9,656,317,398,220,1,-1,-1,-1
621,10,237,260,258,164,1,-1,-1,-1
622,3,837,208,52,36,1,-1,-1,-1
622,4,302,250,53,31,1,-1,-1,-1
622,9,666,320,402,221,1,-1,-1,-1
622,10,240,261,261,165,1,-1,-1,-1
623,3,838,207,53,36,1,-1,-1,-1
623,4,300,249,52,31,1,-1,-1,-1
623,9,678,321,403,223,1,-1,-1,-1
623,10,242,262,264,166,1,-1,-1,-1
624,3,840,206,53,37,1,-1,-1,-1
624,4,298,249,52,31,1,-1,-1,-1
624,9,690,323,405,225,1,-1,-1,-1
624,10,245,263,267,168,1,-1,-1,-1
625,3,841,206,54,36,1,-1,-1,-1
625,4,295,248,52,31,1,-1,-1,-1
625,9,702,325,406,226,1,-1,-1,-1
625,10,247,263,270,170,1,-1,-1,-1
626,3,843,205,53,36,1,-1,-1,-1
626,4,293,247,51,31,1,-1,-1,-1
626,9,714,326,408,229,1,-1,-1,-1
626,10,250,264,273,171,1,-1,-1,-1
627,3,844,205,54,36,1,-1,-1,-1
627,4,291,247,51,30,1,-1,-1,-1
627,9,726,328,409,231,1,-1,-1,-1
627,10,252,265,276,172,1,-1,-1,-1
628,3,846,204,54,36,1,-1,-1,-1
628,4,289,246,50,30,1,-1,-1,-1
628,9,738,330,411,232,1,-1,-1,-1
628,10,255,266,279,174,1,-1,-1,-1
629,3,848,204,54,36,1,-1,-1,-1
629,4,287,246,50,30,1,-1,-1,-1
629,9,750,331,412,235,1,-1,-1,-1
629,10,258,266,284,177,1,-1,-1,-1
630,3,849,203,54,36,1,-1,-1,-1
630,4,285,245,49,30,1,-1,-1,-1
630,9,762,333,414,236,1,-1,-1,-1
630,10,261,267,290,179,1,-1,-1,-1
631,3,851,202,53,36,1,-1,-1,-1
631,4,283,244,49,31,1,-1,-1,-1
631,9,774,335,415,238,1,-1,-1,-1
631,10,264,267,296,182,1,-1,-1,-1
632,3,852,202,53,36,1,-1,-1,-1
632,4,281,244,48,31,1,-1,-1,-1
632,9,786,337,417,240,1,-1,-1,-1
632,10,268,268,301,184,1,-1,-1,-1
633,3,854,201,52,36,1,-1,-1,-1
633,4,279,243,48,31,1,-1,-1,-1
633,9,797,339,421,242,1,-1,-1,-1
633,10,271,268,306,188,1,-1,-1,-1
634,3,856,201,51,35,1,-1,-1,-1
634,4,277,243,47,31,1,-1,-1,-1
634,9,809,341,424,245,1,-1,-1,-1
634,10,274,269,312,190,1,-1,-1,-1
635,3,857,200,51,36,1,-1,-1,-1
635,4,275,242,47,32,1,-1,-1,-1
635,9,821,344,427,247,1,-1,-1,-1
635,10,277,269,318,193,1,-1,-1,-1
636,3,859,200,50,35,1,-1,-1,-1
636,4,273,242,46,32,1,-1,-1,-1
636,9,833,346,430,250,1,-1,-1,-1
636,10,281,270,323,195,1,-1,-1,-1
637,3,860,199,50,35,1,-1,-1,-1
637,4,271,241,46,32,1,-1,-1,-1
637,9,845,349,433,252,1,-1,-1,-1
637,10,284,271,329,198,1,-1,-1,-1
638,3,862,199,49,35,1,-1,-1,-1
638,4,269,241,45,32,1,-1,-1,-1
638,9,859,351,419,249,1,-1,-1,-1
638,10,287,271,334,201,1,-1,-1,-1
639,3,864,198,48,35,1,-1,-1,-1
639,4,267,240,45,33,1,-1,-1,-1
639,9,873,354,405,245,1,-1,-1,-1
639,10,291,272,339,203,1,-1,-1,-1
640,3,865,198,48,34,1,-1,-1,-1
640,4,265,240,45,33,1,-1,-1,-1
640,9,887,357,391,241,1,-1,-1,-1
640,10,294,272,345,206,1,-1,-1,-1
641,3,867,197,47,35,1,-1,-1,-1
641,4,263,239,44,33,1,-1,-1,-1
641,9,902,360,376,238,1,-1,-1,-1
641,10,297,273,351,208,1,-1,-1,-1
642,3,868,197,47,34,1,-1,-1,-1
642,4,261,239,44,33,1,-1,-1,-1
642,9,916,362,362,235,1,-1,-1,-1
642,10,300,273,356,212,1,-1,-1,-1
643,3,870,196,46,34,1,-1,-1,-1
643,4,259,238,44,33,1,-1,-1,-1
643,9,930,365,348,231,1,-1,-1,-1
643,10,304,274,361,214,1,-1,-1,-1
644,4,258,238,43,33,1,-1,-1,-1
644,9,944,368,334,227,1,-1,-1,-1
644,10,307,274,367,217,1,-1,-1,-1
645,4,256,237,43,33,1,-1,-1,-1
645,9,959,371,319,224,1,-1,-1,-1
645,10,310,275,373,219,1,-1,-1,-1
646,4,254,237,43,33,1,-1,-1,-1
646,9,973,373,305,221,1,-1,-1,-1
646,10,314,276,378,222,1,-1,-1,-1
647,4,252,237,43,32,1,-1,-1,-1
647,9,987,376,291,217,1,-1,-1,-1
647,10,319,278,383,225,1,-1,-1,-1
648,4,251,236,42,33,1,-1,-1,-1
648,9,1001,379,277,213,1,-1,-1,-1
648,10,324,280,389,228,1,-1,-1,-1
649,4,249,236,41,32,1,-1,-1,-1
649,9,1016,382,263,210,1,-1,-1,-1
649,10,329,282,394,231,1,-1,-1,-1
650,4,247,235,41,33,1,-1,-1,-1
650,9,1029,384,249,207,1,-1,-1,-1
650,10,334,285,400,233,1,-1,-1,-1
651,4,246,235,40,32,1,-1,-1,-1
651,9,1043,387,235,204,1,-1,-1,-1
651,10,340,286,407,236,1,-1,-1,-1
652,4,244,234,40,33,1,-1,-1,-1
652,9,1057,390,221,201,1,-1,-1,-1
652,10,346,287,414,240,1,-1,-1,-1
653,4,242,234,40,32,1,-1,-1,-1
653,9,1071,393,207,198,1,-1,-1,-1
653,10,352,289,421,242,1,-1,-1,-1
654,4,240,234,40,32,1,-1,-1,-1
654,9,1084,396,194,195,1,-1,-1,-1
654,10,358,290,428,246,1,-1,-1,-1
655,4,239,233,39,32,1,-1,-1,-1
655,9,1098,399,180,192,1,-1,-1,-1
655,10,365,292,434,248,1,-1,-1,-1
656,4,237,233,39,32,1,-1,-1,-1
656,9,1112,402,166,189,1,-1,-1,-1
656,10,371,293,441,252,1,-1,-1,-1
657,4,235,232,38,32,1,-1,-1,-1
657,9,1126,405,152,186,1,-1,-1,-1
657,10,377,294,449,255,1,-1,-1,-1
658,4,233,232,38,32,1,-1,-1,-1
658,9,1143,408,135,182,1,-1,-1,-1
658,10,383,296,456,258,1,-1,-1,-1
659,4,232,231,37,32,1,-1,-1,-1
659,9,1160,411,118,179,1,-1,-1,-1
659,10,389,297,463,261,1,-1,-1,-1
660,4,230,231,37,32,1,-1,-1,-1
660,9,1178,414,100,175,1,-1,-1,-1
660,10,396,299,469,264,1,-1,-1,-1
661,4,228,231,37,31,1,-1,-1,-1
661,9,1195,417,83,172,1,-1,-1,-1
661,10,402,300,476,267,1,-1,-1,-1
662,4,227,230,36,32,1,-1,-1,-1
662,10,408,301,483,271,1,-1,-1,-1
663,4,225,230,36,31,1,-1,-1,-1
663,10,414,303,491,273,1,-1,-1,-1
664,4,223,229,36,32,1,-1,-1,-1
664,10,420,304,498,277,1,-1,-1,-1
665,4,221,229,35,31,1,-1,-1,-1
665,10,427,306,504,279,1,-1,-1,-1
666,4,220,228,34,32,1,-1,-1,-1
666,10,433,307,511,283,1,-1,-1,-1
667,4,218,228,34,31,1,-1,-1,-1
667,10,439,308,518,286,1,-1,-1,-1
668,4,216,228,34,31,1,-1,-1,-1
668,10,445,310,525,289,1,-1,-1,-1
669,4,214,227,34,31,1,-1,-1,-1
669,10,451,311,533,292,1,-1,-1,-1
670,4,213,227,33,31,1,-1,-1,-1
670,10,458,313,539,295,1,-1,-1,-1
671,4,211,226,33,31,1,-1,-1,-1
671,10,464,314,546,298,1,-1,-1,-1
672,4,209,226,33,31,1,-1,-1,-1
672,10,470,315,553,302,1,-1,-1,-1
673,4,208,226,32,31,1,-1,-1,-1
673,10,476,317,560,304,1,-1,-1,-1
674,4,206,225,32,31,1,-1,-1,-1
674,10,482,318,567,308,1,-1,-1,-1
675,4,205,225,31,31,1,-1,-1,-1
675,10,489,320,574,311,1,-1,-1,-1
675,11,1195,341,84,143,1,-1,-1,-1
676,4,204,225,31,30,1,-1,-1,-1
676,10,498,322,580,313,1,-1,-1,-1
676,11,1177,338,102,147,1,-1,-1,-1
677,4,202,225,31,30,1,-1,-1,-1
677,10,507,324,586,315,1,-1,-1,-1
677,11,1159,336,120,150,1,-1,-1,-1
678,4,201,225,31,29,1,-1,-1,-1
678,10,516,327,593,316,1,-1,-1,-1
678,11,1141,333,138,154,1,-1,-1,-1
679,4,200,225,30,29,1,-1,-1,-1
679,10,525,329,599,318,1,-1,-1,-1
679,11,1124,331,155,158,1,-1,-1,-1
680,4,199,225,29,29,1,-1,-1,-1
680,10,535,332,605,319,1,-1,-1,-1
680,11,1105,327,174,161,1,-1,-1,-1
681,4,197,225,30,28,1,-1,-1,-1
681,10,543,334,611,320,1,-1,-1,-1
681,11,1086,323,193,164,1,-1,-1,-1
682,4,196,225,29,28,1,-1,-1,-1
682,10,552,336,617,322,1,-1,-1,-1
682,11,1068,319,211,167,1,-1,-1,-1
683,4,195,225,29,27,1,-1,-1,-1
683,10,561,338,623,324,1,-1,-1,-1
683,11,1049,315,230,170,1,-1,-1,-1
684,4,194,225,28,27,1,-1,-1,-1
684,10,572,340,625,323,1,-1,-1,-1
684,11,1030,311,249,173,1,-1,-1,-1
685,4,192,225,28,27,1,-1,-1,-1
685,10,583,342,628,323,1,-1,-1,-1
685,11,1012,307,267,177,1,-1,-1,-1
686,4,191,225,28,26,1,-1,-1,-1
686,10,594,344,630,323,1,-1,-1,-1
686,11,993,303,286,181,1,-1,-1,-1
687,4,190,225,27,26,1,-1,-1,-1
687,10,606,346,632,323,1,-1,-1,-1
687,11,975,299,304,186,1,-1,-1,-1
688,4,188,225,28,25,1,-1,-1,-1
688,10,617,348,634,323,1,-1,-1,-1
688,11,956,295,323,190,1,-1,-1,-1
689,4,187,225,27,25,1,-1,-1,-1
689,10,628,350,637,323,1,-1,-1,-1
689,11,938,292,341,194,1,-1,-1,-1
690,4,186,225,26,25,1,-1,-1,-1
690,10,640,352,639,323,1,-1,-1,-1
690,11,920,289,341,191,1,-1,-1,-1
691,4,185,225,26,24,1,-1,-1,-1
691,10,652,355,627,320,1,-1,-1,-1
691,11,902,287,341,187,1,-1,-1,-1
692,4,183,225,26,24,1,-1,-1,-1
692,10,665,359,614,316,1,-1,-1,-1
692,11,884,284,341,184,1,-1,-1,-1
693,4,182,225,26,23,1,-1,-1,-1
693,10,678,363,601,313,1,-1,-1,-1
693,11,867,282,340,180,1,-1,-1,-1
694,4,181,225,25,23,1,-1,-1,-1
694,10,691,366,588,310,1,-1,-1,-1
694,11,850,279,339,178,1,-1,-1,-1
695,4,180,225,25,23,1,-1,-1,-1
695,10,703,370,576,307,1,-1,-1,-1
695,11,834,276,337,177,1,-1,-1,-1
696,4,179,224,25,23,1,-1,-1,-1
696,10,716,374,563,303,1,-1,-1,-1
696,11,818,274,335,174,1,-1,-1,-1
697,4,178,224,25,23,1,-1,-1,-1
697,10,729,377,550,300,1,-1,-1,-1
697,11,801,271,334,173,1,-1,-1,-1
698,4,177,223,25,23,1,-1,-1,-1
698,10,742,381,537,297,1,-1,-1,-1
698,11,785,269,332,170,1,-1,-1,-1
699,4,176,223,25,23,1,-1,-1,-1
699,10,754,385,525,293,1,-1,-1,-1
699,11,769,266,330,169,1,-1,-1,-1
700,4,175,223,25,23,1,-1,-1,-1
700,10,767,388,512,291,1,-1,-1,-1
700,11,752,263,329,167,1,-1,-1,-1
701,4,174,222,25,23,1,-1,-1,-1
701,10,780,392,499,287,1,-1,-1,-1
701,11,736,261,327,165,1,-1,-1,-1
702,4,173,222,25,23,1,-1,-1,-1
702,10,793,396,486,284,1,-1,-1,-1
702,11,720,258,325,163,1,-1,-1,-1
703,4,172,221,25,23,1,-1,-1,-1
703,10,809,399,469,280,1,-1,-1,-1
703,11,703,256,324,161,1,-1,-1,-1
704,4,171,221,25,23,1,-1,-1,-1
704,10,825,402,453,277,1,-1,-1,-1
704,11,687,253,322,159,1,-1,-1,-1
705,4,170,221,25,23,1,-1,-1,-1
705,10,842,405,436,274,1,-1,-1,-1
705,11,671,251,321,157,1,-1,-1,-1
706,4,169,220,25,23,1,-1,-1,-1
706,10,858,408,420,271,1,-1,-1,-1
706,11,657,249,316,155,1,-1,-1,-1
707,4,168,220,25,23,1,-1,-1,-1
707,10,874,411,404,268,1,-1,-1,-1
707,11,643,248,311,152,1,-1,-1,-1
708,4,167,219,25,23,1,-1,-1,-1
708,10,891,414,387,265,1,-1,-1,-1
708,11,629,247,307,150,1,-1,-1,-1
709,4,166,219,25,23,1,-1,-1,-1
709,10,907,417,371,262,1,-1,-1,-1
709,11,615,246,302,147,1,-1,-1,-1
710,4,165,219,25,23,1,-1,-1,-1
710,10,923,420,355,259,1,-1,-1,-1
710,11,601,245,298,145,1,-1,-1,-1
711,4,164,218,25,23,1,-1,-1,-1
711,10,940,423,338,256,1,-1,-1,-1
711,11,589,243,293,144,1,-1,-1,-1
712,4,163,218,25,23,1,-1,-1,-1
712,10,956,426,322,253,1,-1,-1,-1
712,11,578,241,288,143,1,-1,-1,-1
713,4,162,218,25,23,1,-1,-1,-1
713,10,972,429,306,250,1,-1,-1,-1
713,11,566,240,284,141,1,-1,-1,-1
714,4,161,217,25,23,1,-1,-1,-1
714,10,989,432,289,247,1,-1,-1,-1
714,11,555,238,278,140,1,-1,-1,-1
715,4,160,217,25,23,1,-1,-1,-1
715,10,1005,435,273,244,1,-1,-1,-1
715,11,543,236,274,139,1,-1,-1,-1
716,4,159,217,25,23,1,-1,-1,-1
716,10,1022,439,256,240,1,-1,-1,-1
716,11,532,235,269,137,1,-1,-1,-1
717,4,158,216,25,23,1,-1,-1,-1
717,10,1038,442,240,236,1,-1,-1,-1
717,11,520,233,264,136,1,-1,-1,-1
718,4,157,216,25,23,1,-1,-1,-1
718,10,1055,446,223,232,1,-1,-1,-1
718,11,509,231,259,135,1,-1,-1,-1
719,4,156,216,25,23,1,-1,-1,-1
719,10,1072,450,206,228,1,-1,-1,-1
719,11,498,230,254,133,1,-1,-1,-1
720,4,155,215,25,23,1,-1,-1,-1
720,10,1088,454,190,224,1,-1,-1,-1
720,11,488,228,249,132,1,-1,-1,-1
721,4,154,215,25,23,1,-1,-1,-1
721,10,1105,458,173,220,1,-1,-1,-1
721,11,479,227,244,130,1,-1,-1,-1
722,4,153,215,25,23,1,-1,-1,-1
722,10,1122,462,156,215,1,-1,-1,-1
722,11,469,225,240,129,1,-1,-1,-1
723,4,152,214,25,23,1,-1,-1,-1
723,10,1138,466,140,211,1,-1,-1,-1
723,11,460,224,235,127,1,-1,-1,-1
724,4,151,214,25,23,1,-1,-1,-1
724,10,1155,470,123,207,1,-1,-1,-1
724,11,449,223,231,125,1,-1,-1,-1
725,4,150,214,25,23,1,-1,-1,-1
725,10,1172,474,106,203,1,-1,-1,-1
725,11,439,222,227,123,1,-1,-1,-1
726,4,150,214,25,23,1,-1,-1,-1
726,11,429,221,223,122,1,-1,-1,-1
727,4,149,213,25,23,1,-1,-1,-1
727,11,422,220,219,120,1,-1,-1,-1
728,4,148,213,25,23,1,-1,-1,-1
728,11,416,219,215,119,1,-1,-1,-1
729,4,148,213,25,23,1,-1,-1,-1
729,11,410,219,210,116,1,-1,-1,-1
730,4,147,212,25,23,1,-1,-1,-1
730,11,404,218,206,115,1,-1,-1,-1
731,4,146,212,25,23,1,-1,-1,-1
731,11,397,217,203,114,1,-1,-1,-1
732,4,146,212,25,23,1,-1,-1,-1
732,11,391,217,198,111,1,-1,-1,-1
733,4,145,212,25,23,1,-1,-1,-1
733,11,385,216,194,110,1,-1,-1,-1
734,4,145,211,25,23,1,-1,-1,-1
734,11,379,215,190,109,1,-1,-1,-1
735,4,144,211,25,23,1,-1,-1,-1
735,11,373,215,185,106,1,-1,-1,-1
736,4,143,211,25,23,1,-1,-1,-1
736,11,366,214,182,105,1,-1,-1,-1
737,4,143,211,25,23,1,-1,-1,-1
737,11,360,213,178,104,1,-1,-1,-1
738,4,142,210,25,23,1,-1,-1,-1
738,11,354,213,173,101,1,-1,-1,-1
739,4,142,210,25,23,1,-1,-1,-1
739,11,348,212,169,100,1,-1,-1,-1
740,4,141,210,25,23,1,-1,-1,-1
740,11,342,212,165,98,1,-1,-1,-1
741,4,140,210,25,23,1,-1,-1,-1
741,11,336,211,161,96,1,-1,-1,-1
742,4,140,209,25,23,1,-1,-1,-1
742,11,331,211,157,94,1,-1,-1,-1
743,4,139,209,25,23,1,-1,-1,-1
743,11,326,210,152,93,1,-1,-1,-1
744,4,138,209,25,23,1,-1,-1,-1
744,11,321,210,148,91,1,-1,-1,-1
745,4,138,209,25,23,1,-1,-1,-1
745,11,316,210,144,89,1,-1,-1,-1
746,4,137,208,25,23,1,-1,-1,-1
746,11,310,209,142,88,1,-1,-1,-1
747,4,137,208,25,23,1,-1,-1,-1
747,11,305,208,140,88,1,-1,-1,-1
748,4,136,208,25,23,1,-1,-1,-1
748,11,299,207,138,87,1,-1,-1,-1
749,4,135,208,25,23,1,-1,-1,-1
749,11,294,206,136,87,1,-1,-1,-1
750,4,135,207,25,23,1,-1,-1,-1
750,11,288,205,134,86,1,-1,-1,-1
751,4,134,207,25,23,1,-1,-1,-1
751,11,283,205,132,85,1,-1,-1,-1
752,4,134,207,25,23,1,-1,-1,-1
752,11,279,204,130,84,1,-1,-1,-1
753,4,133,207,25,23,1,-1,-1,-1
753,11,275,204,128,83,1,-1,-1,-1
754,4,132,206,25,23,1,-1,-1,-1
754,11,272,203,126,83,1,-1,-1,-1
755,4,132,206,25,23,1,-1,-1,-1
755,11,268,203,124,82,1,-1,-1,-1
756,4,131,206,25,23,1,-1,-1,-1
756,11,265,202,122,82,1,-1,-1,-1
757,11,261,202,120,80,1,-1,-1,-1
758,11,257,201,119,80,1,-1,-1,-1
759,11,254,201,116,79,1,-1,-1,-1
760,11,250,200,115,79,1,-1,-1,-1
761,11,247,200,112,78,1,-1,-1,-1
762,11,243,199,111,77,1,-1,-1,-1
763,11,239,199,109,76,1,-1,-1,-1
764,11,236,198,107,76,1,-1,-1,-1
765,11,232,198,105,75,1,-1,-1,-1
766,11,229,198,103,74,1,-1,-1,-1
767,11,226,198,101,73,1,-1,-1,-1
768,11,224,198,99,72,1,-1,-1,-1
769,11,221,198,97,71,1,-1,-1,-1
770,11,219,198,95,71,1,-1,-1,-1
771,11,216,197,94,71,1,-1,-1,-1
772,11,214,197,93,70,1,-1,-1,-1
773,11,212,196,91,70,1,-1,-1,-1
774,11,210,196,90,70,1,-1,-1,-1
775,11,208,196,88,69,1,-1,-1,-1
776,11,205,195,88,69,1,-1,-1,-1
777,11,203,195,86,68,1,-1,-1,-1
778,11,201,195,85,68,1,-1,-1,-1
779,11,199,194,83,68,1,-1,-1,-1
780,11,197,194,82,67,1,-1,-1,-1
781,11,194,193,81,67,1,-1,-1,-1
782,11,192,193,80,67,1,-1,-1,-1
783,11,190,193,78,66,1,-1,-1,-1
784,11,188,192,77,66,1,-1,-1,-1
785,11,186,192,75,65,1,-1,-1,-1
786,11,184,192,74,65,1,-1,-1,-1
787,11,182,191,73,65,1,-1,-1,-1
788,11,180,191,73,64,1,-1,-1,-1
789,11,179,191,72,64,1,-1,-1,-1
790,11,177,191,71,63,1,-1,-1,-1
791,11,175,190,71,63,1,-1,-1,-1
792,11,174,190,70,63,1,-1,-1,-1
793,11,172,190,69,62,1,-1,-1,-1
794,11,171,190,68,61,1,-1,-1,-1
795,11,169,190,68,61,1,-1,-1,-1
796,11,167,189,67,61,1,-1,-1,-1
797,11,166,189,66,60,1,-1,-1,-1
798,11,164,189,66,60,1,-1,-1,-1
799,11,163,189,64,59,1,-1,-1,-1
800,11,161,188,64,59,1,-1,-1,-1
801,11,159,188,64,59,1,-1,-1,-1
802,11,158,188,62,58,1,-1,-1,-1
803,11,156,188,62,57,1,-1,-1,-1
804,11,155,188,61,57,1,-1,-1,-1
805,11,154,188,60,56,1,-1,-1,-1
806,11,153,188,59,55,1,-1,-1,-1
807,11,152,188,58,55,1,-1,-1,-1
808,11,151,188,57,54,1,-1,-1,-1
809,11,150,188,56,53,1,-1,-1,-1
810,11,149,188,55,53,1,-1,-1,-1
811,11,148,188,54,52,1,-1,-1,-1
812,11,147,188,53,51,1,-1,-1,-1
813,11,146,188,52,51,1,-1,-1,-1
814,11,145,188,51,50,1,-1,-1,-1
815,11,144,188,50,49,1,-1,-1,-1
816,11,143,188,49,49,1,-1,-1,-1
817,11,142,188,48,48,1,-1,-1,-1
818,11,141,188,47,47,1,-1,-1,-1
819,11,140,189,47,46,1,-1,-1,-1
820,11,139,188,46,46,1,-1,-1,-1
821,11,139,188,45,46,1,-1,-1,-1
822,11,138,188,45,45,1,-1,-1,-1
823,11,138,187,44,46,1,-1,-1,-1
824,11,137,187,44,46,1,-1,-1,-1
825,11,137,187,43,45,1,-1,-1,-1
826,11,136,186,42,46,1,-1,-1,-1
827,11,136,186,41,46,1,-1,-1,-1
827,12,92,202,43,57,1,-1,-1,-1
828,11,135,186,41,45,1,-1,-1,-1
828,12,92,202,44,57,1,-1,-1,-1
829,11,135,185,40,46,1,-1,-1,-1
829,12,93,202,45,58,1,-1,-1,-1
830,11,134,185,40,45,1,-1,-1,-1
830,12,93,203,46,58,1,-1,-1,-1
831,11,134,185,39,45,1,-1,-1,-1
831,12,94,203,47,59,1,-1,-1,-1
832,11,133,184,38,46,1,-1,-1,-1
832,12,94,204,48,59,1,-1,-1,-1
833,11,133,184,37,45,1,-1,-1,-1
833,12,95,204,49,60,1,-1,-1,-1
834,11,132,184,37,45,1,-1,-1,-1
834,12,95,204,50,61,1,-1,-1,-1
835,11,132,183,36,46,1,-1,-1,-1
835,12,96,205,51,61,1,-1,-1,-1
836,11,131,183,36,45,1,-1,-1,-1
836,12,96,205,52,62,1,-1,-1,-1
837,11,131,183,35,45,1,-1,-1,-1
837,12,97,206,53,62,1,-1,-1,-1
838,11,130,182,34,45,1,-1,-1,-1
838,12,97,206,54,62,1,-1,-1,-1
839,11,130,182,33,45,1,-1,-1,-1
839,12,98,206,55,63,1,-1,-1,-1
840,11,129,182,33,45,1,-1,-1,-1
840,12,99,207,56,63,1,-1,-1,-1
841,11,129,181,32,45,1,-1,-1,-1
841,12,100,207,57,64,1,-1,-1,-1
842,11,128,181,32,45,1,-1,-1,-1
842,12,100,208,58,64,1,-1,-1,-1
843,11,128,181,31,45,1,-1,-1,-1
843,12,101,208,59,65,1,-1,-1,-1
844,11,127,180,31,45,1,-1,-1,-1
844,12,102,209,60,65,1,-1,-1,-1
845,11,127,180,30,44,1,-1,-1,-1
845,12,103,209,61,66,1,-1,-1,-1
846,11,127,180,29,43,1,-1,-1,-1
846,12,104,209,62,67,1,-1,-1,-1
847,11,127,180,29,42,1,-1,-1,-1
847,12,104,210,63,67,1,-1,-1,-1
848,11,127,180,28,41,1,-1,-1,-1
848,12,105,210,64,68,1,-1,-1,-1
849,11,127,180,27,40,1,-1,-1,-1
849,12,106,211,65,68,1,-1,-1,-1
850,11,127,180,26,39,1,-1,-1,-1
850,12,107,211,66,69,1,-1,-1,-1
851,12,108,212,67,69,1,-1,-1,-1
852,12,110,212,68,70,1,-1,-1,-1
853,12,112,213,69,70,1,-1,-1,-1
854,12,114,214,70,71,1,-1,-1,-1
855,12,115,214,72,72,1,-1,-1,-1
856,12,117,215,73,73,1,-1,-1,-1
857,12,119,215,75,74,1,-1,-1,-1
858,12,121,216,76,75,1,-1,-1,-1
859,12,122,216,78,76,1,-1,-1,-1
860,12,124,217,80,77,1,-1,-1,-1
861,12,126,218,81,78,1,-1,-1,-1
862,12,128,218,83,79,1,-1,-1,-1
863,12,130,219,84,80,1,-1,-1,-1
864,12,131,219,86,81,1,-1,-1,-1
865,12,133,220,88,82,1,-1,-1,-1
866,12,135,221,89,83,1,-1,-1,-1
867,12,137,221,90,84,1,-1,-1,-1
868,12,139,222,92,85,1,-1,-1,-1
869,12,140,222,94,86,1,-1,-1,-1
870,12,142,223,96,87,1,-1,-1,-1
871,12,144,223,97,88,1,-1,-1,-1
872,12,146,224,98,89,1,-1,-1,-1
873,12,148,225,100,90,1,-1,-1,-1
874,12,149,225,102,91,1,-1,-1,-1
875,12,151,226,103,92,1,-1,-1,-1
876,12,153,226,105,93,1,-1,-1,-1
877,12,155,227,106,94,1,-1,-1,-1
878,12,157,228,108,95,1,-1,-1,-1
879,12,160,228,111,97,1,-1,-1,-1
880,12,163,229,114,98,1,-1,-1,-1
881,12,167,230,116,99,1,-1,-1,-1
882,12,170,231,119,100,1,-1,-1,-1
883,12,173,232,123,101,1,-1,-1,-1
884,12,177,232,125,103,1,-1,-1,-1
885,12,180,233,128,104,1,-1,-1,-1
886,12,183,234,131,105,1,-1,-1,-1
887,12,187,235,133,106,1,-1,-1,-1
888,12,190,236,137,107,1,-1,-1,-1
889,12,193,236,140,109,1,-1,-1,-1
890,12,197,237,142,110,1,-1,-1,-1
891,12,200,238,145,111,1,-1,-1,-1
892,12,203,239,148,112,1,-1,-1,-1
893,12,207,240,151,113,1,-1,-1,-1
894,12,211,241,156,115,1,-1,-1,-1
895,12,215,242,161,118,1,-1,-1,-1
896,12,219,243,166,120,1,-1,-1,-1
897,12,224,244,171,123,1,-1,-1,-1
898,12,229,245,176,126,1,-1,-1,-1
899,12,235,246,181,129,1,-1,-1,-1
900,12,241,248,186,131,1,-1,-1,-1
901,12,247,249,190,134,1,-1,-1,-1
902,12,253,251,195,136,1,-1,-1,-1
903,12,258,252,201,139,1,-1,-1,-1
904,12,264,253,205,142,1,-1,-1,-1
905,12,270,255,210,144,1,-1,-1,-1
906,12,276,256,215,147,1,-1,-1,-1
907,12,282,258,219,149,1,-1,-1,-1
908,12,287,259,225,152,1,-1,-1,-1
909,12,293,260,230,155,1,-1,-1,-1
910,12,299,262,234,157,1,-1,-1,-1
911,12,305,263,239,160,1,-1,-1,-1
912,12,311,265,244,162,1,-1,-1,-1
913,12,319,266,252,166,1,-1,-1,-1
914,12,328,268,260,169,1,-1,-1,-1
915,12,337,270,268,173,1,-1,-1,-1
916,12,346,271,276,177,1,-1,-1,-1
917,12,355,273,284,181,1,-1,-1,-1
918,12,364,275,291,184,1,-1,-1,-1
919,12,373,276,299,188,1,-1,-1,-1
920,12,382,278,307,192,1,-1,-1,-1
921,12,391,280,315,195,1,-1,-1,-1
922,12,400,282,323,199,1,-1,-1,-1
923,12,413,285,332,203,1,-1,-1,-1
924,12,427,288,341,207,1,-1,-1,-1
925,12,441,292,350,210,1,-1,-1,-1
926,12,455,295,359,214,1,-1,-1,-1
927,12,469,298,368,218,1,-1,-1,-1
928,12,483,302,377,222,1,-1,-1,-1
929,12,497,305,386,226,1,-1,-1,-1
930,12,511,308,395,230,1,-1,-1,-1
931,12,525,312,404,233,1,-1,-1,-1
932,12,539,315,413,237,1,-1,-1,-1
933,12,553,319,422,241,1,-1,-1,-1
934,12,571,322,431,246,1,-1,-1,-1
935,12,590,326,439,250,1,-1,-1,-1
936,12,608,330,448,254,1,-1,-1,-1
937,12,627,333,456,260,1,-1,-1,-1
938,12,645,337,465,264,1,-1,-1,-1
939,12,664,341,473,268,1,-1,-1,-1
940,12,683,345,481,273,1,-1,-1,-1
941,12,707,349,480,273,1,-1,-1,-1
942,12,731,354,479,272,1,-1,-1,-1
943,12,755,359,478,271,1,-1,-1,-1
944,12,779,364,477,270,1,-1,-1,-1
945,12,804,369,475,270,1,-1,-1,-1
946,12,829,374,450,265,1,-1,-1,-1
947,12,855,380,424,260,1,-1,-1,-1
948,12,881,386,398,254,1,-1,-1,-1
949,12,906,391,373,250,1,-1,-1,-1
950,12,932,397,347,244,1,-1,-1,-1
951,12,958,403,321,239,1,-1,-1,-1
952,12,984,409,295,234,1,-1,-1,-1
953,12,1013,415,266,227,1,-1,-1,-1
954,12,1042,421,237,221,1,-1,-1,-1
955,12,1071,427,208,214,1,-1,-1,-1
956,12,1100,433,179,208,1,-1,-1,-1
957,12,1129,439,150,201,1,-1,-1,-1
958,12,1158,445,121,195,1,-1,-1,-1
1049,13,1223,383,47,43,1,-1,-1,-1
1050,13,1209,381,48,43,1,-1,-1,-1
1051,13,1196,379,48,43,1,-1,-1,-1
1052,13,1183,377,49,44,1,-1,-1,-1
1053,13,1170,375,49,44,1,-1,-1,-1
1054,13,1157,373,49,44,1,-1,-1,-1
1055,13,1144,371,50,45,1,-1,-1,-1
1056,13,1131,367,50,46,1,-1,-1,-1
1057,13,1118,364,51,46,1,-1,-1,-1
1058,13,1105,361,52,46,1,-1,-1,-1
1059,13,1092,358,53,46,1,-1,-1,-1
1060,13,1079,355,53,46,1,-1,-1,-1
1061,13,1066,352,54,46,1,-1,-1,-1
1062,13,1053,349,55,46,1,-1,-1,-1
1063,13,1041,346,55,46,1,-1,-1,-1
1064,13,1028,343,55,46,1,-1,-1,-1
1065,13,1016,341,55,46,1,-1,-1,-1
1066,13,1004,338,55,46,1,-1,-1,-1
1067,13,992,336,55,46,1,-1,-1,-1
1068,13,979,333,55,46,1,-1,-1,-1
1069,13,967,331,55,46,1,-1,-1,-1
1070,13,955,328,55,46,1,-1,-1,-1
1071,13,943,326,55,46,1,-1,-1,-1
1072,13,932,323,54,46,1,-1,-1,-1
1073,13,921,321,53,46,1,-1,-1,-1
1074,13,910,319,52,45,1,-1,-1,-1
1075,13,899,317,52,45,1,-1,-1,-1
1076,13,888,315,51,44,1,-1,-1,-1
1077,13,877,313,50,44,1,-1,-1,-1
1078,13,866,311,50,43,1,-1,-1,-1
1079,13,855,309,49,43,1,-1,-1,-1
1080,13,844,307,48,42,1,-1,-1,-1
1081,13,833,305,48,42,1,-1,-1,-1
1082,13,822,303,47,41,1,-1,-1,-1
1083,13,812,301,45,40,1,-1,-1,-1
1084,13,802,299,44,40,1,-1,-1,-1
1085,13,792,298,42,38,1,-1,-1,-1
1086,13,782,296,41,38,1,-1,-1,-1
1087,13,772,294,39,37,1,-1,-1,-1
1088,13,762,293,38,36,1,-1,-1,-1
1089,13,752,291,38,36,1,-1,-1,-1
1090,13,743,290,38,36,1,-1,-1,-1
1091,13,733,288,38,36,1,-1,-1,-1
1092,13,724,287,38,36,1,-1,-1,-1
1093,13,714,286,38,36,1,-1,-1,-1
1094,13,705,284,38,36,1,-1,-1,-1
1095,13,695,283,38,36,1,-1,-1,-1
1096,13,686,282,38,36,1,-1,-1,-1
1097,13,677,280,38,36,1,-1,-1,-1
1098,13,669,278,38,36,1,-1,-1,-1
1099,13,660,277,38,36,1,-1,-1,-1
1100,13,652,275,38,36,1,-1,-1,-1
1101,13,643,273,38,36,1,-1,-1,-1
1102,13,635,272,38,36,1,-1,-1,-1
1103,13,627,270,38,36,1,-1,-1,-1
1104,13,620,269,37,36,1,-1,-1,-1
1105,13,612,268,37,35,1,-1,-1,-1
1106,13,605,267,36,35,1,-1,-1,-1
1107,13,597,266,36,34,1,-1,-1,-1
1108,13,590,265,35,34,1,-1,-1,-1
1109,13,582,264,35,33,1,-1,-1,-1
1110,13,575,263,34,33,1,-1,-1,-1
1111,13,567,262,34,32,1,-1,-1,-1
1112,13,560,261,34,32,1,-1,-1,-1
1113,13,553,259,33,32,1,-1,-1,-1
1114,13,546,258,33,32,1,-1,-1,-1
1115,13,539,257,33,32,1,-1,-1,-1
1116,13,533,256,32,32,1,-1,-1,-1
1117,13,526,255,32,32,1,-1,-1,-1
1118,13,519,254,31,31,1,-1,-1,-1
1119,13,513,253,30,31,1,-1,-1,-1
1120,13,506,252,30,31,1,-1,-1,-1
1121,13,499,251,30,31,1,-1,-1,-1
1122,13,493,250,29,31,1,-1,-1,-1
1123,13,487,249,29,31,1,-1,-1,-1
1124,13,481,248,29,31,1,-1,-1,-1
1125,13,475,248,29,31,1,-1,-1,-1
1126,13,469,247,29,31,1,-1,-1,-1
1127,13,463,247,29,31,1,-1,-1,-1
1128,13,457,246,29,31,1,-1,-1,-1
1129,13,451,246,29,31,1,-1,-1,-1
1130,13,445,245,29,31,1,-1,-1,-1
1131,13,439,245,29,31,1,-1,-1,-1
1132,13,433,244,29,31,1,-1,-1,-1
1133,13,427,244,29,31,1,-1,-1,-1
1134,13,422,243,28,30,1,-1,-1,-1
1135,13,417,242,28,30,1,-1,-1,-1
1136,13,412,241,28,30,1,-1,-1,-1
1137,13,407,241,28,29,1,-1,-1,-1
1138,13,402,240,27,29,1,-1,-1,-1
1139,13,397,239,27,29,1,-1,-1,-1
1140,13,393,239,26,28,1,-1,-1,-1
1141,13,388,238,26,28,1,-1,-1,-1
1142,13,383,237,25,28,1,-1,-1,-1
1143,13,378,237,25,27,1,-1,-1,-1
1144,13,373,236,25,27,1,-1,-1,-1
1145,13,368,235,25,27,1,-1,-1,-1
1146,13,364,235,24,26,1,-1,-1,-1
1147,13,359,234,24,26,1,-1,-1,-1
1148,13,355,234,24,26,1,-1,-1,-1
1149,13,351,233,24,26,1,-1,-1,-1
1150,13,347,233,24,26,1,-1,-1,-1
1151,13,343,233,24,26,1,-1,-1,-1
1152,13,338,232,24,26,1,-1,-1,-1
1153,13,334,232,24,26,1,-1,-1,-1
1154,13,330,232,24,26,1,-1,-1,-1
1155,13,326,231,24,26,1,-1,-1,-1
1156,13,322,231,24,26,1,-1,-1,-1
1157,13,318,231,24,26,1,-1,-1,-1
1158,13,314,230,24,26,1,-1,-1,-1
1159,13,311,230,24,26,1,-1,-1,-1
1160,13,308,229,24,26,1,-1,-1,-1
1161,13,305,229,24,26,1,-1,-1,-1
1162,13,302,228,24,26,1,-1,-1,-1
1163,13,298,228,24,26,1,-1,-1,-1
1164,13,295,227,24,26,1,-1,-1,-1
1165,13,292,227,24,26,1,-1,-1,-1
1166,13,289,226,24,26,1,-1,-1,-1
1167,13,286,226,24,26,1,-1,-1,-1
1168,13,282,226,24,26,1,-1,-1,-1
1169,13,279,225,24,26,1,-1,-1,-1
1170,13,276,225,24,26,1,-1,-1,-1
1171,13,273,224,24,26,1,-1,-1,-1
1172,13,270,224,24,26,1,-1,-1,-1
1173,13,266,223,24,26,1,-1,-1,-1
1174,13,263,223,24,26,1,-1,-1,-1
1175,13,260,222,24,26,1,-1,-1,-1
1176,13,257,222,24,26,1,-1,-1,-1
1177,13,254,222,24,26,1,-1,-1,-1
1178,13,251,221,24,26,1,-1,-1,-1
1179,13,249,221,24,26,1,-1,-1,-1
1180,13,247,220,24,26,1,-1,-1,-1
1181,13,244,220,24,26,1,-1,-1,-1
1182,13,242,219,24,26,1,-1,-1,-1
1183,13,240,219,24,26,1,-1,-1,-1
1184,13,237,218,24,26,1,-1,-1,-1
1185,13,235,218,24,26,1,-1,-1,-1
1186,13,233,217,24,26,1,-1,-1,-1
1201,1,1088,447,67,76,1,-1,-1,-1
1201,7,124,208,53,58,1,-1,-1,-1
